t=[0.00471711
0.000150204
0.000142097
0.000136137
0.000133991
0.000136375
0.000165701
0.000144243
0.000136852
0.000133514
0.000131845
0.000147104
0.000134468
0.000134468
0.000154734
0.00014329
0.000145674
0.000151873
0.000168562
0.000142336
0.000148535
0.000141144
0.000154495
0.000149965
0.000171185
0.000141859
0.00014329
0.000140667
0.000144243
0.000146866
0.000160217
0.000148058
0.00014782
0.000143766
0.000147104
0.000148058
0.000162363
0.000144243
0.000152588
0.000146627
0.000142336
0.000134945
0.000190973
0.000156641
0.000141859
0.00014329
0.000146151
0.000143766
0.000149488
0.000146389
0.000142336
0.000148773
0.000133038
0.000149488
0.000155687
0.000146627
0.000163078
0.000152349
0.000146866
0.000132322
0.000135899
0.000135183
0.000145435
0.000170946
0.000161171
0.00014782
0.00014472
0.000140905
0.000146866
0.000152588
0.000143766
0.000145435
0.000164747
0.000138521
0.000134706
0.000131845
0.000163555
0.000145197
0.000141144
0.000149727
0.000142813
0.000144958
0.000180244
0.00014925
0.000144243
0.000135183
0.000136614
0.000138044
0.000143766
0.000188351
0.000160217
0.000157595
0.000164747
0.000135183
0.000132799
0.000152111
0.000155449
0.000146389
0.000143051
0.000141859
0.00015831
0.000142336
0.000155687
0.000157833
0.000157118
0.000147581
0.00014472
0.000149965
0.000156879
0.000148058
0.000156403
0.000142336
0.000141382
0.000151634
0.000148535
0.000133038
0.000162125
0.000144005
0.00014782
0.000151396
0.000142813
0.000151157
0.000157356
0.000146151
0.000151396
0.000142097
0.000142813
0.000149965
0.000144958
0.00013113
0.000143528
0.000150442
0.000149012
0.000145674
0.000163555
0.000145674
0.00014782
0.000135183
0.000137091
0.000146866
0.000159025
0.000144958
0.000140667
0.00013566
0.000145674
0.000148296
0.00013876
0.000167608
0.000141144
0.000149965
0.000141382
0.00014019
0.00014925
0.000158072
0.000145912
0.000146627
0.000180244
0.000137329
0.000148535
0.000153542
0.000156879
0.000149488
0.000153065
0.000151396
0.00014925
0.00014782
0.000161171
0.000154495
0.000143528
0.000151634
0.000147343
0.000146151
0.000162363
0.000142813
0.000145912
0.000133514
0.000158787
0.000149488
0.000151873
0.000156641
0.000142336
0.000142336
0.00013566
0.000133753
0.000132799
0.00016427
0.000140429
0.000133991
0.000142097
0.000131845
0.000142097
0.000166893
0.000152111
0.000137806
0.000143766
0.00013876
0.000139952
0.000148058
0.00014019
0.000144482
0.000137806
0.000141382
0.000137091
0.000153542
0.000149727
0.000140429
0.000136852
0.00013423
0.000140667
0.000167847
0.000144243
0.000146389
0.000138283
0.000132799
0.000137568
0.00013566
0.000134468
0.000131369
0.000133991
0.000139952
0.00013566
0.000137568
0.00015521
0.000147104
0.000146866
0.000146389
0.000156641
0.000157833
0.000149727
0.000160694
0.000151396
0.000148773
0.000162601
0.000153303
0.000155926
0.000150919
0.000133038
0.000130653
0.00013423
0.00014925
0.000152111
0.000151396
0.000173569
0.00014925
0.000134945
0.000132084
0.000148773
0.000142336
0.000138283
0.000167131
0.000143051
0.000142813
0.000187397
0.000143051
0.000133276
0.000143528
0.000145197
0.000147581
0.000135899
0.000146866
0.000139952
0.000151396
0.000140667
0.000148296
0.000178814
0.000137806
0.00014019
0.000149488
0.000143766
0.000130177
0.000143766
0.000135899
0.000137806
0.00014472
0.000136614
0.000158548
0.000158072
0.000150919
0.000147343
0.000149727
0.000145435
0.000150442
0.000186205
0.000144005
0.000142813
0.000140905
0.000135422
0.000154018
0.000160933
0.000154257
0.000147343
0.000138998
0.000181675
0.000138283
0.000135422
0.000154734
0.000145912
0.000140667
0.000149012
0.000147581
0.000151634
0.000159025
0.000154257
0.000142336
0.000149012
0.000150919
0.000138283
0.000143051
0.000144482
0.000155926
0.000143766
0.000133991
0.000134468
0.000134945
0.00015521
0.000157595
0.000151873
0.000141859
0.000143528
0.000144958
0.000136614
0.000132322
0.000146151
0.000154018
0.00013566
0.000145197
0.000151634
0.000149488
0.000145674
0.000139236
0.000160456
0.000153303
0.000144243
0.00014019
0.000158787
0.00015378
0.000144243
0.000133276
0.000130653
0.000145197
0.00015831
0.000149727
0.000150681
0.000143528
0.000141144
0.000146389
0.000147104
0.000142813
0.000140905
0.000146151
0.000146627
0.000142574
0.000148296
0.000159264
0.000146389
0.000144243
0.000147343
0.000139713
0.000145435
0.000150442
0.000141144
0.000142574
0.000133276
0.000144958
0.000138521
0.000134706
0.000151873
0.000145912
0.000145197
0.00014472
0.000148535
0.000147343
0.000161886
0.000142574
0.00014472
0.000145674
0.000149727
0.000149012
0.000146627
0.00016737
0.000139475
0.000141621
0.000161886
0.000134706
0.000145674
0.000157118
0.000144482
0.00014019
0.000142813
0.000160694
0.000149965
0.000160217
0.00021553
0.000152349
0.000143528
0.000152111
0.0001688
0.00015831
0.000162125
0.000145912
0.000144482
0.000148535
0.000203848
0.000158072
0.000188351
0.000159025
0.000152349
0.000152588
0.00014329
0.000140429
0.000143766
0.000145912
0.000152111
0.000138521
0.000144958
0.000145435
0.000138283
0.000144243
0.000163317
0.00015974
0.000136137
0.000136137
0.000134945
0.000150442
0.000140905
0.000137568
0.000144958
0.000154495
0.000153065
0.000136852
0.000151873
0.000157118
0.000145912
0.000144958
0.000152588
0.000149727
0.000132084
0.00014019
0.000135422
0.000149965
0.000153303
0.000148296
0.000141382
0.000168324
0.000138998
0.00014019
0.000151396
0.000148296
0.000154257
0.000154257
0.000157356
0.000146866
0.000146389
0.000147104
0.000158072
0.000156879
0.000150442
0.000152588
0.000145674
0.00014925
0.000131845
0.000144482
0.000132561
0.00013423
0.000143528
0.000139952
0.000141621
0.000151634
0.000142336
0.000143766
0.000149965
0.000148773
0.000145912
0.000152826
0.000140429
0.000141144
0.000143766
0.000153303
0.000155449
0.000146866
0.000142574
0.000141859
0.000150681
0.000135422
0.000134945
0.000138521
0.000150442
0.000137091
0.000137091
0.000136614
0.000139713
0.000147581
0.000157595
0.000133991
0.000133276
0.000137568
0.000149727
0.000148058
0.000135183
0.000132084
0.000132799
0.000142813
0.000142574
0.000139236
0.000143528
0.000149012
0.00014782
0.00014782
0.000155687
0.000145197
0.000152826
0.000134945
0.000135899
0.000152111
0.000147104
0.000148773
0.000132799
0.000144482
0.000160217
0.000138521
0.000149488
0.000155687
0.000144958
0.000147343
0.000149965
0.000147104
0.000151157
0.000154018
0.000147581
0.000154734
0.000139952
0.000140905
0.000149488
0.000158787
0.000149012
0.000151157
0.000145674
0.000157833
0.000154972
0.000135183
0.000180483
0.00014782
0.000149012
0.000132799
0.000131607
0.000149488
0.000159264
0.000143528
0.000136137
0.000194073
0.000136852
0.000158072
0.000167608
0.000150919
0.000139713
0.000144243
0.000149012
0.000151157
0.000136375
0.000158072
0.000149727
0.000142336
0.000145674
0.000142813
0.000140905
0.000170231
0.000171423
0.00014329
0.000138283
0.000142813
0.00014925
0.000152588
0.000195265
0.000157118
0.000144005
0.000146627
0.000145674
0.000145435
0.000142336
0.000151873
0.000135899
0.000139475
0.000206232
0.000135899
0.000138283
0.000148535
0.000151157
0.000142574
0.000145197
0.000135183
0.000146866
0.000141144
0.000171185
0.000147343
0.000145197
0.000146389
0.000133038
0.000146389
0.00014782
0.000140905
0.000145197
0.000151634
0.000155687
0.000136614
0.000139236
0.00014329
0.00015831
0.000146866
0.00015831
0.000169992
0.000134706
0.000148296
0.000148058
0.000148535
0.000146151
0.000159502
0.000144243
0.000135899
0.000144482
0.000150681
0.000149488
0.000148296
0.000156164
0.000144958
0.000144482
0.000144005
0.000148296
0.00014925
0.000137568
0.000134706
0.000146627
0.000150204
0.00015378
0.000133991
0.000133753
0.000144482
0.000152111
0.000147104
0.00016427
0.000145197
0.000151634
0.000144005
0.000141144
0.000149965
0.000157118
0.000168324
0.000147581
0.000152111
0.000150442
0.000156403
0.000138521
0.000134706
0.000133038
0.000146151
0.000134706
0.000154734
0.000193357
0.00014782
0.000143766
0.000138283
0.000136137
0.000146151
0.000153065
0.000141144
0.000141144
0.000146151
0.000138521
0.000147581
0.000138283
0.000140905
0.000143528
