ROS Seconds,ROS Nanoseconds,X,Y,Z,Rx0,Rx1,Rx2,Ry0,Ry1,Ry2,Rz0,Rz1,Rz2
1685102266,892738260,16.7567,6.49802,-205.172,-0.23078,-0.22783,-0.945957,0.132603,-0.970494,0.201389,-0.963928,-0.0789597,0.254183
1685102266,917628704,16.7566,6.49351,-205.173,-0.230795,-0.227873,-0.945943,0.132681,-0.970479,0.201412,-0.963914,-0.0790235,0.254216
1685102266,942618476,16.7574,6.49175,-205.174,-0.230754,-0.227908,-0.945945,0.132684,-0.97047,0.20145,-0.963924,-0.079026,0.254181
1685102266,967671346,16.7615,6.4937,-205.175,-0.230685,-0.227876,-0.945968,0.132595,-0.970483,0.201446,-0.963951,-0.0789607,0.25409
1685102266,992574964,16.7608,6.49173,-205.171,-0.230701,-0.227902,-0.945959,0.132625,-0.970476,0.201464,-0.963944,-0.0789797,0.254117
1685102267,17506112,16.7549,6.49277,-205.175,-0.230774,-0.227904,-0.945941,0.132704,-0.97047,0.201439,-0.963916,-0.0790433,0.254205
1685102267,42506092,16.7572,6.49565,-205.181,-0.230748,-0.227891,-0.945951,0.13271,-0.970472,0.201426,-0.963922,-0.0790584,0.25418
1685102267,67492687,16.755,6.50132,-205.18,-0.23079,-0.227849,-0.945949,0.132784,-0.970475,0.20136,-0.9639,-0.0791355,0.25423
1685102267,92474036,16.7507,6.50706,-205.179,-0.230862,-0.22779,-0.945947,0.132801,-0.970488,0.201289,-0.963882,-0.0791527,0.254301
1685102267,117471158,16.7497,6.50197,-205.186,-0.230843,-0.227851,-0.945937,0.13273,-0.97048,0.201372,-0.963896,-0.0790689,0.254272
1685102267,142425000,16.7507,6.50113,-205.185,-0.230853,-0.227861,-0.945932,0.132753,-0.970477,0.201375,-0.963891,-0.079087,0.254289
1685102267,167468271,16.7477,6.50796,-205.185,-0.230882,-0.227807,-0.945937,0.132762,-0.970488,0.201315,-0.963882,-0.0791042,0.254313
1685102267,192454530,16.7428,6.51141,-205.187,-0.230942,-0.227771,-0.945931,0.132784,-0.970495,0.201268,-0.963864,-0.0791237,0.254372
1685102267,217435662,16.743,6.51059,-205.184,-0.23097,-0.227773,-0.945925,0.132809,-0.970493,0.20126,-0.963855,-0.0791424,0.254407
1685102267,242445583,16.7401,6.50883,-205.183,-0.230988,-0.227802,-0.945914,0.132846,-0.970484,0.201279,-0.963846,-0.0791673,0.254435
1685102267,267425630,16.7413,6.50711,-205.186,-0.230962,-0.227842,-0.94591,0.132912,-0.970469,0.201305,-0.963843,-0.0792288,0.254426
1685102267,292389215,16.7402,6.49979,-205.182,-0.23096,-0.227925,-0.94589,0.132909,-0.970452,0.201391,-0.963843,-0.0792044,0.254428
1685102267,317388271,16.7412,6.49955,-205.182,-0.230941,-0.22791,-0.9459,0.13283,-0.970461,0.201398,-0.963859,-0.0791324,0.254396
1685102267,342372000,16.7415,6.49974,-205.183,-0.230919,-0.227893,-0.945908,0.132765,-0.97047,0.201399,-0.963873,-0.0790767,0.254357
1685102267,367352241,16.7412,6.49476,-205.181,-0.2309,-0.227945,-0.9459,0.132722,-0.970462,0.201466,-0.963883,-0.079023,0.254333
1685102267,392339566,16.7378,6.49625,-205.181,-0.230889,-0.227948,-0.945901,0.132675,-0.970465,0.201483,-0.963892,-0.0789775,0.254312
1685102267,417349142,16.7368,6.49554,-205.186,-0.23092,-0.227965,-0.945891,0.132767,-0.970454,0.201473,-0.963872,-0.0790593,0.254365
1685102267,442343363,16.732,6.49463,-205.191,-0.230954,-0.228002,-0.945872,0.132797,-0.970444,0.2015,-0.963859,-0.0790721,0.254405
1685102267,467361078,16.729,6.49734,-205.191,-0.230965,-0.22799,-0.945873,0.132821,-0.970445,0.20148,-0.963854,-0.0790971,0.254422
1685102267,492411685,16.7293,6.49552,-205.186,-0.230966,-0.228011,-0.945868,0.132832,-0.97044,0.201499,-0.963853,-0.0791018,0.254427
1685102267,516342990,16.7287,6.49624,-205.191,-0.230975,-0.227997,-0.945869,0.132799,-0.970446,0.201493,-0.963854,-0.0790709,0.254426
1685102267,541414127,16.727,6.49757,-205.191,-0.230996,-0.227994,-0.945865,0.132831,-0.970444,0.201479,-0.963846,-0.0790995,0.254455
1685102267,566358490,16.7243,6.49784,-205.19,-0.231021,-0.227999,-0.945857,0.132874,-0.97044,0.201471,-0.963833,-0.0791357,0.254486
1685102267,592257447,16.7251,6.5058,-205.191,-0.231038,-0.227934,-0.945869,0.132873,-0.970454,0.201403,-0.963829,-0.0791492,0.254498
1685102267,616335568,16.7255,6.50336,-205.192,-0.231032,-0.227982,-0.945859,0.132916,-0.970441,0.201441,-0.963824,-0.07918,0.254505
1685102267,641317842,16.729,6.50463,-205.19,-0.23103,-0.227971,-0.945862,0.132958,-0.970439,0.201419,-0.96382,-0.0792261,0.254513
1685102267,666321521,16.7292,6.50215,-205.188,-0.231032,-0.227992,-0.945857,0.13294,-0.970436,0.201445,-0.963822,-0.0792015,0.254513
1685102267,691352932,16.7313,6.50422,-205.186,-0.230993,-0.22795,-0.945876,0.132809,-0.970455,0.20144,-0.963848,-0.0790897,0.254442
1685102267,716338996,16.7382,6.50133,-205.185,-0.230961,-0.228011,-0.945869,0.133043,-0.970423,0.201443,-0.963824,-0.0793158,0.254467
1685102267,741329097,16.7369,6.50497,-205.187,-0.230948,-0.227994,-0.945876,0.132985,-0.970431,0.201443,-0.963835,-0.0792648,0.254438
1685102267,766301648,16.7412,6.50188,-205.182,-0.230901,-0.228039,-0.945877,0.133002,-0.970419,0.201489,-0.963844,-0.0792796,0.254401
1685102267,791372977,16.7404,6.49902,-205.177,-0.230905,-0.228064,-0.94587,0.132968,-0.970416,0.201523,-0.963848,-0.0792377,0.254399
1685102267,816372811,16.7419,6.49561,-205.177,-0.230888,-0.228095,-0.945867,0.132966,-0.97041,0.201556,-0.963852,-0.0792309,0.254385
1685102267,841366291,16.7474,6.49243,-205.179,-0.230826,-0.228113,-0.945878,0.132926,-0.970408,0.201591,-0.963873,-0.0791987,0.254321
1685102267,866410953,16.7453,6.49629,-205.179,-0.230852,-0.228098,-0.945875,0.13302,-0.970404,0.201548,-0.963854,-0.0792926,0.254363
1685102267,891307936,16.7485,6.49601,-205.18,-0.230804,-0.228089,-0.945889,0.133003,-0.970406,0.201548,-0.963867,-0.0792881,0.25431
1685102267,916245496,16.7489,6.49217,-205.178,-0.230791,-0.228117,-0.945885,0.132907,-0.970408,0.201603,-0.963884,-0.0791861,0.254282
1685102267,941256749,16.7474,6.48317,-205.178,-0.230807,-0.228222,-0.945856,0.132913,-0.970386,0.201707,-0.96388,-0.0791611,0.254307
1685102267,966354286,16.7482,6.48357,-205.177,-0.230784,-0.228215,-0.945864,0.132907,-0.970387,0.201704,-0.963886,-0.0791612,0.254284
1685102267,991238572,16.7505,6.48402,-205.177,-0.230761,-0.228204,-0.945872,0.132903,-0.97039,0.201695,-0.963892,-0.0791653,0.25426
1685102268,16153082,16.751,6.48306,-205.18,-0.230759,-0.228211,-0.94587,0.132891,-0.970389,0.201706,-0.963893,-0.0791526,0.254253
1685102268,41157354,16.7538,6.48465,-205.187,-0.230727,-0.228182,-0.945885,0.132904,-0.970394,0.201676,-0.9639,-0.0791794,0.254223
1685102268,66157462,16.7499,6.48944,-205.186,-0.230791,-0.22816,-0.945876,0.133081,-0.970385,0.201601,-0.96386,-0.0793502,0.254323
1685102268,91140582,16.7438,6.48933,-205.181,-0.230833,-0.228149,-0.945867,0.132994,-0.970395,0.201609,-0.963861,-0.0792567,0.254342
1685102268,116181367,16.7423,6.48798,-205.179,-0.230843,-0.228161,-0.945862,0.132964,-0.970395,0.201628,-0.963864,-0.079221,0.254349
1685102268,141154053,16.7429,6.48464,-205.178,-0.230842,-0.228186,-0.945857,0.132967,-0.970389,0.201653,-0.963864,-0.0792178,0.25435
1685102268,166146518,16.7445,6.48803,-205.179,-0.23084,-0.228172,-0.94586,0.132991,-0.970391,0.201632,-0.963861,-0.079246,0.254351
1685102268,191104966,16.7378,6.49332,-205.178,-0.230886,-0.228128,-0.945859,0.132928,-0.970406,0.201601,-0.963858,-0.0791843,0.254378
1685102268,216135664,16.7362,6.49314,-205.171,-0.230953,-0.228113,-0.945847,0.133014,-0.970403,0.201557,-0.963831,-0.0792605,0.254462
1685102268,241101079,16.7375,6.49321,-205.175,-0.230935,-0.228146,-0.945843,0.13305,-0.970393,0.201583,-0.96383,-0.0792919,0.254454
1685102268,266092709,16.7358,6.50334,-205.174,-0.230943,-0.228045,-0.945866,0.13295,-0.970423,0.201504,-0.963842,-0.0792161,0.254434
1685102268,291067371,16.7356,6.5095,-205.173,-0.230946,-0.227985,-0.945878,0.132855,-0.970443,0.201468,-0.963853,-0.0791362,0.254408
1685102268,316051838,16.7358,6.50681,-205.175,-0.230957,-0.22803,-0.945866,0.132938,-0.970427,0.201491,-0.96384,-0.0792052,0.254442
1685102268,341077085,16.7373,6.5075,-205.176,-0.230925,-0.228024,-0.945875,0.132838,-0.970436,0.201514,-0.963861,-0.0791129,0.25439
1685102268,366024799,16.73,6.51325,-205.172,-0.23102,-0.227973,-0.945864,0.132907,-0.970443,0.201435,-0.963828,-0.0791766,0.25449
1685102268,391042274,16.7344,6.50828,-205.172,-0.23096,-0.228018,-0.945868,0.132881,-0.970434,0.201493,-0.963847,-0.0791508,0.254432
1685102268,416060417,16.7373,6.50766,-205.168,-0.23093,-0.228006,-0.945878,0.132841,-0.97044,0.201494,-0.96386,-0.0791205,0.254394
1685102268,441007979,16.7365,6.5096,-205.167,-0.230944,-0.227981,-0.94588,0.132906,-0.97044,0.201451,-0.963847,-0.0791894,0.254418
1685102268,465976018,16.7379,6.51292,-205.169,-0.230914,-0.227957,-0.945894,0.132898,-0.970445,0.20143,-0.963856,-0.0791946,0.254386
1685102268,491010168,16.7393,6.50938,-205.163,-0.230885,-0.227968,-0.945899,0.132766,-0.970453,0.201479,-0.963881,-0.0790644,0.254331
1685102268,516012810,16.7406,6.50348,-205.16,-0.230879,-0.227996,-0.945893,0.132708,-0.970452,0.201523,-0.96389,-0.0790001,0.254314
1685102268,541011010,16.7423,6.49733,-205.157,-0.230875,-0.228026,-0.945886,0.132651,-0.97045,0.201569,-0.963898,-0.0789358,0.254301
1685102268,565962595,16.7446,6.50086,-205.154,-0.230827,-0.227992,-0.945907,0.132609,-0.97046,0.20155,-0.963917,-0.0789121,0.254244
1685102268,590904635,16.7392,6.49786,-205.148,-0.230906,-0.228012,-0.945883,0.132626,-0.970456,0.201559,-0.963895,-0.0789072,0.254326
1685102268,615951359,16.7415,6.49369,-205.149,-0.230882,-0.228041,-0.945881,0.132659,-0.970446,0.201582,-0.963896,-0.0789378,0.254311
1685102268,640925090,16.7412,6.487,-205.151,-0.230871,-0.2281,-0.945871,0.132657,-0.970434,0.201644,-0.9639,-0.0789226,0.254307
1685102268,665903918,16.7416,6.49751,-205.156,-0.230891,-0.227994,-0.94589,0.13266,-0.970456,0.201534,-0.963894,-0.0789497,0.254316
1685102268,690934134,16.7422,6.49789,-205.154,-0.230876,-0.227987,-0.945896,0.132587,-0.970464,0.201546,-0.963908,-0.0788813,0.254286
1685102268,715882605,16.7441,6.49414,-205.155,-0.230864,-0.228003,-0.945895,0.132502,-0.970467,0.201587,-0.963922,-0.0787937,0.254258
1685102268,740876731,16.7397,6.48975,-205.152,-0.230944,-0.228055,-0.945862,0.132644,-0.970446,0.201596,-0.963883,-0.0789054,0.254369
1685102268,765881218,16.7434,6.4972,-205.156,-0.230889,-0.227995,-0.94589,0.13266,-0.970456,0.201534,-0.963894,-0.0789495,0.254313
1685102268,790884424,16.7471,6.49799,-205.158,-0.230849,-0.227995,-0.9459,0.132625,-0.970458,0.201547,-0.963909,-0.0789225,0.254268
1685102268,815911767,16.7529,6.49656,-205.161,-0.230771,-0.227993,-0.945919,0.132466,-0.97047,0.201594,-0.963948,-0.0787807,0.254156
1685102268,840823461,16.7585,6.50001,-205.16,-0.230706,-0.227959,-0.945944,0.132467,-0.970476,0.201564,-0.963965,-0.0788038,0.254093
1685102268,865861483,16.7532,6.50164,-205.158,-0.230762,-0.227957,-0.945931,0.13248,-0.970477,0.201553,-0.963949,-0.0788062,0.254149
1685102268,890873143,16.7545,6.50378,-205.161,-0.230742,-0.227922,-0.945944,0.132447,-0.970487,0.201528,-0.963959,-0.0787859,0.254121
1685102268,915820862,16.7547,6.50714,-205.159,-0.230736,-0.227901,-0.945951,0.132442,-0.970491,0.201508,-0.963962,-0.0787881,0.254114
1685102268,940785053,16.7615,6.50773,-205.158,-0.230662,-0.227882,-0.945973,0.132358,-0.970501,0.201518,-0.96399,-0.0787243,0.254019
1685102268,965777842,16.7632,6.50494,-205.158,-0.230638,-0.227907,-0.945973,0.132389,-0.970493,0.201537,-0.963991,-0.0787543,0.254006
1685102268,990827077,16.7598,6.50622,-205.16,-0.230679,-0.227871,-0.945972,0.132407,-0.9705,0.201491,-0.96398,-0.0787735,0.254046
1685102269,15776067,16.7595,6.5043,-205.159,-0.230697,-0.227897,-0.945962,0.132406,-0.970495,0.201517,-0.963976,-0.0787612,0.254068
1685102269,40743462,16.7561,6.50821,-205.157,-0.230728,-0.227853,-0.945964,0.132344,-0.970509,0.201486,-0.963977,-0.0787037,0.25408
1685102269,65749946,16.7573,6.5071,-205.156,-0.23072,-0.227853,-0.945966,0.132349,-0.970509,0.201485,-0.963977,-0.0787105,0.254072
1685102269,90842158,16.7526,6.51505,-205.158,-0.230777,-0.227775,-0.945971,0.132399,-0.970522,0.201387,-0.963957,-0.0787703,0.254132
1685102269,114832132,16.7548,6.51594,-205.156,-0.230766,-0.227761,-0.945977,0.13245,-0.970521,0.20136,-0.963953,-0.0788271,0.254132
1685102269,139826738,16.7513,6.51519,-205.154,-0.230797,-0.227766,-0.945969,0.132408,-0.970524,0.201374,-0.963952,-0.0787769,0.254154
1685102269,165757379,16.7423,6.51482,-205.145,-0.230923,-0.227765,-0.945938,0.132516,-0.970518,0.201334,-0.963906,-0.0788593,0.254298
1685102269,189903751,16.745,6.51267,-205.15,-0.230876,-0.22777,-0.945948,0.132441,-0.970522,0.201363,-0.963927,-0.0787921,0.254236
1685102269,214836830,16.7453,6.51571,-205.156,-0.230867,-0.227735,-0.945959,0.132368,-0.970535,0.201346,-0.96394,-0.0787304,0.254211
1685102269,239742936,16.7437,6.52196,-205.158,-0.230884,-0.227669,-0.945969,0.132418,-0.970545,0.201265,-0.963928,-0.0787945,0.25423
1685102269,264801343,16.7435,6.52087,-205.156,-0.230881,-0.227666,-0.945972,0.13243,-0.970545,0.201258,-0.963928,-0.0788088,0.254231
1685102269,289814481,16.7445,6.51925,-205.157,-0.230876,-0.227663,-0.945974,0.132448,-0.970544,0.201251,-0.963927,-0.0788283,0.25423
1685102269,314796556,16.7488,6.52701,-205.155,-0.230852,-0.227599,-0.945995,0.132472,-0.970555,0.201181,-0.963929,-0.0788748,0.254206
1685102269,339742779,16.75,6.52782,-205.153,-0.230849,-0.227578,-0.946002,0.132433,-0.970563,0.20117,-0.963936,-0.0788422,0.254194
1685102269,364710537,16.7478,6.51913,-205.152,-0.230881,-0.227678,-0.945969,0.132535,-0.970534,0.201243,-0.963914,-0.0789112,0.254255
1685102269,389713086,16.7475,6.51363,-205.152,-0.230901,-0.22774,-0.94595,0.132669,-0.97051,0.201269,-0.963891,-0.0790242,0.254308
1685102269,414772780,16.7511,6.51373,-205.156,-0.230809,-0.227693,-0.945983,0.132367,-0.970543,0.201309,-0.963954,-0.0787529,0.254149
1685102269,439684579,16.7442,6.51862,-205.154,-0.230903,-0.227652,-0.945969,0.132496,-0.970543,0.201224,-0.963913,-0.0788735,0.254263
1685102269,464717358,16.7461,6.51595,-205.155,-0.230888,-0.227677,-0.945968,0.13249,-0.970538,0.201253,-0.963918,-0.078864,0.254251
1685102269,489727075,16.7478,6.51262,-205.148,-0.230879,-0.227708,-0.945962,0.132517,-0.970529,0.201279,-0.963916,-0.0788845,0.25425
1685102269,514667660,16.7488,6.5114,-205.145,-0.230868,-0.227724,-0.945961,0.132455,-0.97053,0.201312,-0.963927,-0.0788207,0.254228
1685102269,539750164,16.7507,6.50981,-205.144,-0.230843,-0.227739,-0.945964,0.13244,-0.970528,0.201333,-0.963936,-0.0788066,0.254203
1685102269,564881845,16.7479,6.51056,-205.15,-0.230891,-0.227727,-0.945954,0.132468,-0.970529,0.20131,-0.96392,-0.0788283,0.254252
1685102269,589700126,16.7459,6.51317,-205.152,-0.23092,-0.227686,-0.945957,0.132466,-0.970538,0.201266,-0.963913,-0.0788308,0.254276
1685102269,614650233,16.748,6.5122,-205.148,-0.230881,-0.227674,-0.945971,0.13235,-0.97055,0.201288,-0.96394,-0.078725,0.254218
1685102269,639719464,16.7435,6.51754,-205.152,-0.230928,-0.22763,-0.945969,0.132348,-0.97056,0.201239,-0.963928,-0.078725,0.254257
1685102269,664723887,16.7471,6.51919,-205.151,-0.230905,-0.227604,-0.945981,0.132349,-0.970565,0.201214,-0.963933,-0.0787379,0.254232
1685102269,689737823,16.7499,6.5153,-205.151,-0.230868,-0.227636,-0.945983,0.132279,-0.970563,0.201269,-0.963953,-0.0786667,0.254186
1685102269,714694079,16.7538,6.5197,-205.149,-0.230835,-0.227581,-0.946003,0.132187,-0.970582,0.201239,-0.963972,-0.0785968,0.254128
1685102269,739606230,16.7536,6.523,-205.15,-0.230854,-0.227535,-0.94601,0.132187,-0.970592,0.20119,-0.963967,-0.0786043,0.254143
1685102269,764585153,16.7558,6.52627,-205.157,-0.23084,-0.227501,-0.946022,0.132302,-0.97059,0.201126,-0.963956,-0.0787326,0.254151
1685102269,789530431,16.7559,6.52545,-205.155,-0.230831,-0.227502,-0.946023,0.132258,-0.970593,0.201139,-0.963963,-0.0786898,0.254133
1685102269,814530037,16.7522,6.52951,-205.156,-0.230853,-0.227445,-0.946032,0.132206,-0.97061,0.201093,-0.963965,-0.0786479,0.254138
1685102269,839628732,16.7485,6.5338,-205.157,-0.230876,-0.227389,-0.94604,0.132156,-0.970626,0.201046,-0.963967,-0.0786074,0.254147
1685102269,864615231,16.757,6.52907,-205.16,-0.230823,-0.227451,-0.946038,0.132265,-0.970603,0.201086,-0.963965,-0.0787118,0.254123
1685102269,889576512,16.7609,6.52413,-205.163,-0.230807,-0.227506,-0.946029,0.132365,-0.970583,0.201117,-0.963955,-0.0788011,0.254134
1685102269,914535719,16.7601,6.52519,-205.167,-0.230786,-0.227506,-0.946034,0.132339,-0.970585,0.201126,-0.963964,-0.07878,0.254109
1685102269,939483244,16.7556,6.52879,-205.166,-0.230843,-0.227485,-0.946025,0.132382,-0.970587,0.201088,-0.963944,-0.0788166,0.25417
1685102269,964473000,16.7513,6.53263,-205.166,-0.230897,-0.227464,-0.946017,0.132426,-0.970588,0.201051,-0.963925,-0.0788555,0.254229
1685102269,989561510,16.7534,6.53172,-205.168,-0.230864,-0.22745,-0.946028,0.132357,-0.970597,0.201058,-0.963942,-0.078796,0.254183
1685102270,14530270,16.7578,6.52932,-205.17,-0.23082,-0.227451,-0.946039,0.132305,-0.9706,0.201076,-0.963961,-0.0787534,0.254129
1685102270,39457183,16.7587,6.52651,-205.17,-0.230802,-0.227483,-0.946035,0.132358,-0.970588,0.201096,-0.963957,-0.0788018,0.254123
1685102270,64451245,16.7618,6.53056,-205.171,-0.230767,-0.227442,-0.946054,0.132332,-0.970599,0.201063,-0.963969,-0.0787946,0.254083
1685102270,89546907,16.7626,6.53356,-205.165,-0.230755,-0.227417,-0.946063,0.132258,-0.97061,0.201059,-0.963983,-0.0787284,0.254053
1685102270,114440767,16.7641,6.52654,-205.172,-0.230742,-0.227479,-0.94605,0.13236,-0.970588,0.201096,-0.96397,-0.078818,0.254065
1685102270,139437501,16.7604,6.53046,-205.175,-0.230769,-0.227457,-0.94605,0.132387,-0.970591,0.201064,-0.963961,-0.0788451,0.254096
1685102270,164446465,16.7583,6.53055,-205.172,-0.230796,-0.227485,-0.946036,0.132448,-0.970581,0.201075,-0.963946,-0.078893,0.254137
1685102270,189439206,16.7655,6.5214,-205.173,-0.230717,-0.227539,-0.946042,0.132472,-0.970566,0.201131,-0.963961,-0.0789199,0.254069
1685102270,214362756,16.7662,6.51974,-205.172,-0.23069,-0.227556,-0.946044,0.1324,-0.970567,0.201169,-0.963977,-0.078849,0.254027
1685102270,239378261,16.7584,6.51998,-205.175,-0.230767,-0.227578,-0.946021,0.132547,-0.970552,0.201147,-0.963939,-0.0789741,0.254137
1685102270,264400433,16.7557,6.52739,-205.178,-0.230792,-0.227531,-0.946027,0.132546,-0.970563,0.201097,-0.963934,-0.0789799,0.254158
1685102270,289370501,16.756,6.5223,-205.176,-0.230787,-0.227581,-0.946016,0.132491,-0.970556,0.201163,-0.963943,-0.0789117,0.254148
1685102270,314377213,16.7559,6.52008,-205.177,-0.230789,-0.227603,-0.94601,0.132475,-0.970553,0.201189,-0.963944,-0.07889,0.254146
1685102270,339440301,16.7531,6.51855,-205.182,-0.230813,-0.22764,-0.945995,0.132558,-0.970539,0.201204,-0.963927,-0.0789579,0.254191
1685102270,364439304,16.747,6.51775,-205.185,-0.23085,-0.227644,-0.945984,0.132556,-0.970539,0.201205,-0.963918,-0.0789477,0.254225
1685102270,389365756,16.7448,6.52167,-205.184,-0.230875,-0.227611,-0.945986,0.132593,-0.970543,0.20116,-0.963907,-0.0789881,0.254253
1685102270,414294052,16.7465,6.52269,-205.192,-0.230826,-0.227592,-0.946003,0.132371,-0.970564,0.201203,-0.96395,-0.0787803,0.25416
1685102270,439309338,16.7479,6.52893,-205.19,-0.23083,-0.227539,-0.946015,0.132432,-0.970571,0.201132,-0.963939,-0.0788555,0.25417
1685102270,464280981,16.7472,6.52441,-205.185,-0.230855,-0.227599,-0.945995,0.132571,-0.970547,0.201155,-0.963915,-0.0789735,0.25423
1685102270,489303028,16.751,6.52213,-205.188,-0.230788,-0.227616,-0.946007,0.132452,-0.970552,0.201208,-0.963947,-0.0788641,0.254141
1685102270,514239916,16.7521,6.52423,-205.186,-0.230772,-0.227596,-0.946016,0.13246,-0.970555,0.201188,-0.963951,-0.0788807,0.254127
1685102270,539210489,16.7529,6.52428,-205.186,-0.230761,-0.227614,-0.946013,0.1325,-0.970548,0.201196,-0.963947,-0.0789188,0.254124
1685102270,564303637,16.7512,6.52743,-205.193,-0.230766,-0.227598,-0.946016,0.132567,-0.970546,0.201162,-0.963936,-0.0789896,0.25414
1685102270,589263390,16.7499,6.53236,-205.19,-0.23079,-0.227572,-0.946017,0.132618,-0.970548,0.20112,-0.963924,-0.0790419,0.254174
1685102270,614230042,16.7484,6.52828,-205.192,-0.230771,-0.227608,-0.946012,0.132555,-0.970545,0.201175,-0.963936,-0.0789734,0.254143
1685102270,638266283,16.7465,6.52957,-205.195,-0.230808,-0.227613,-0.946003,0.132619,-0.970539,0.20116,-0.96392,-0.0790287,0.254196
1685102270,663233770,16.743,6.52441,-205.187,-0.230842,-0.227656,-0.945983,0.132669,-0.970527,0.201188,-0.963904,-0.0790599,0.25424
1685102270,688223928,16.7423,6.52352,-205.186,-0.230862,-0.227662,-0.945978,0.132679,-0.970525,0.20119,-0.963898,-0.0790639,0.254264
1685102270,713177974,16.7383,6.52709,-205.187,-0.230884,-0.227634,-0.945979,0.132644,-0.970534,0.201168,-0.963898,-0.0790322,0.254276
1685102270,738220933,16.7411,6.52694,-205.186,-0.230874,-0.227624,-0.945984,0.132669,-0.970534,0.201152,-0.963897,-0.0790614,0.254272
1685102270,763186209,16.7342,6.52098,-205.179,-0.23097,-0.227701,-0.945942,0.132819,-0.970507,0.201184,-0.963853,-0.079172,0.254401
1685102270,788184543,16.7317,6.51827,-205.184,-0.23098,-0.227714,-0.945937,0.132735,-0.970512,0.201219,-0.963863,-0.079081,0.254396
1685102270,813216028,16.7325,6.50783,-205.178,-0.230978,-0.227801,-0.945915,0.132746,-0.970492,0.201306,-0.963861,-0.0790697,0.254402
1685102270,838181504,16.7325,6.50098,-205.178,-0.230993,-0.227862,-0.945897,0.132785,-0.970476,0.201356,-0.963852,-0.0790891,0.254429
1685102270,863203209,16.7316,6.50344,-205.175,-0.231047,-0.227854,-0.945886,0.132893,-0.97047,0.201315,-0.963824,-0.0791877,0.254505
1685102270,888158609,16.7369,6.49961,-205.177,-0.230966,-0.227874,-0.945901,0.132785,-0.970473,0.201371,-0.963859,-0.0790915,0.254406
1685102270,913196836,16.7341,6.49995,-205.178,-0.231016,-0.227893,-0.945885,0.132877,-0.970462,0.201362,-0.963835,-0.079168,0.254477
1685102270,938212421,16.7286,6.49931,-205.176,-0.231078,-0.227909,-0.945865,0.132952,-0.970454,0.201353,-0.963809,-0.0792268,0.254552
1685102270,963150120,16.733,6.49882,-205.176,-0.231045,-0.227931,-0.945868,0.132951,-0.970449,0.201378,-0.963817,-0.0792262,0.254521
1685102270,988133898,16.7333,6.49598,-205.18,-0.23102,-0.227957,-0.945868,0.132869,-0.970449,0.20143,-0.963834,-0.0791421,0.254483
1685102271,13111757,16.7351,6.50044,-205.185,-0.231026,-0.227922,-0.945876,0.133004,-0.970446,0.201357,-0.963815,-0.0792865,0.254516
1685102271,38117537,16.7395,6.49493,-205.181,-0.230992,-0.228005,-0.945864,0.133127,-0.970418,0.201413,-0.963806,-0.0793947,0.254515
1685102271,63100069,16.7401,6.50049,-205.181,-0.230989,-0.227944,-0.945879,0.133043,-0.970437,0.201372,-0.963818,-0.0793278,0.254488
1685102271,88107261,16.7397,6.50506,-205.181,-0.230953,-0.22792,-0.945893,0.132957,-0.970449,0.201374,-0.963838,-0.0792554,0.254432
1685102271,113086039,16.7382,6.50458,-205.179,-0.230965,-0.227934,-0.945887,0.132964,-0.970446,0.201385,-0.963834,-0.0792563,0.254447
1685102271,138083293,16.7371,6.5063,-205.185,-0.23098,-0.227936,-0.945883,0.133015,-0.970441,0.201372,-0.963824,-0.0793036,0.254473
1685102271,163135924,16.7386,6.51283,-205.191,-0.230977,-0.227872,-0.945899,0.133032,-0.970453,0.201303,-0.963822,-0.0793381,0.254466
1685102271,188093006,16.7527,6.50473,-205.205,-0.230866,-0.227902,-0.945919,0.132906,-0.970455,0.201375,-0.963866,-0.0792277,0.254336
1685102271,213044690,16.7457,6.49735,-205.232,-0.231089,-0.227808,-0.945886,0.132958,-0.970475,0.201247,-0.963804,-0.0792575,0.254553
1685102271,238074367,16.7481,6.48787,-205.287,-0.231235,-0.227646,-0.945889,0.132813,-0.970524,0.201106,-0.963789,-0.0791239,0.254652
1685102271,263035423,16.8526,6.17455,-205.469,-0.231659,-0.226826,-0.945985,0.132522,-0.970729,0.200307,-0.96373,-0.0789602,0.254941
1685102271,288177416,16.6177,6.38675,-206.166,-0.233328,-0.22569,-0.945846,0.132518,-0.970998,0.199001,-0.963327,-0.0789092,0.256472
1685102271,313050374,16.514,6.31256,-206.468,-0.233873,-0.225448,-0.945768,0.132591,-0.971053,0.198687,-0.963184,-0.0789327,0.256997
1685102271,337989722,16.4285,6.19901,-206.848,-0.23435,-0.225616,-0.94561,0.132693,-0.971017,0.198792,-0.963054,-0.0788883,0.257497
1685102271,363116327,16.3614,6.09984,-207.284,-0.23429,-0.225667,-0.945612,0.133302,-0.970955,0.198687,-0.962984,-0.0795021,0.257566
1685102271,388073018,16.2836,6.1247,-207.613,-0.234343,-0.225473,-0.945646,0.132565,-0.971058,0.19868,-0.963074,-0.0787998,0.257451
1685102271,412960600,16.2864,6.16073,-207.963,-0.235166,-0.224519,-0.945669,0.132791,-0.971253,0.197571,-0.962842,-0.0791144,0.258222
1685102271,437990948,16.3357,5.93374,-208.324,-0.234542,-0.224938,-0.945725,0.132841,-0.971151,0.19804,-0.962988,-0.079182,0.25766
1685102271,463079442,16.262,5.72673,-208.797,-0.234315,-0.224785,-0.945817,0.131899,-0.971256,0.198154,-0.963172,-0.0783215,0.25723
1685102271,487995616,16.2249,5.61073,-209.349,-0.23419,-0.224088,-0.946012,0.131681,-0.971417,0.197508,-0.963231,-0.0783175,0.257003
1685102271,512948973,16.251,5.49151,-209.979,-0.234332,-0.222582,-0.946333,0.131233,-0.971769,0.196069,-0.963258,-0.0782451,0.256927
1685102271,537928017,16.195,5.2211,-210.621,-0.234983,-0.221151,-0.946507,0.130013,-0.972174,0.194871,-0.963265,-0.0772666,0.257197
1685102271,562953014,16.1294,4.96879,-211.408,-0.23562,-0.219514,-0.94673,0.130151,-0.972509,0.1931,-0.963091,-0.0777195,0.257713
1685102271,587940211,16.071,4.74706,-212.328,-0.235879,-0.21775,-0.947073,0.129562,-0.972919,0.191424,-0.963107,-0.0775516,0.257704
1685102271,612890557,15.958,4.52247,-213.188,-0.236923,-0.215035,-0.947432,0.128713,-0.973549,0.188775,-0.962965,-0.0772214,0.258335
1685102271,637874209,15.9944,4.18219,-214.331,-0.237169,-0.21274,-0.947888,0.128215,-0.974047,0.18653,-0.96297,-0.0772944,0.25829
1685102271,662930523,15.8364,3.65978,-215.712,-0.236689,-0.211579,-0.948268,0.127535,-0.974322,0.185559,-0.963179,-0.0770173,0.257595
1685102271,687905217,15.6916,3.34153,-217.118,-0.237817,-0.207693,-0.948845,0.126387,-0.975183,0.181781,-0.963052,-0.0766906,0.258165
1685102271,712890177,15.7044,2.88055,-218.696,-0.237142,-0.204425,-0.949724,0.124783,-0.975921,0.178907,-0.963429,-0.0760829,0.256943
1685102271,737882117,15.724,2.38017,-220.21,-0.23664,-0.201383,-0.950499,0.12326,-0.976602,0.176227,-0.963748,-0.0754554,0.255928
1685102271,762859843,15.6128,2.08519,-221.566,-0.237995,-0.197517,-0.950972,0.122185,-0.977414,0.17243,-0.963551,-0.0751564,0.256754
1685102271,787881779,15.6756,1.78236,-222.956,-0.237631,-0.194044,-0.951777,0.120788,-0.978141,0.169261,-0.963816,-0.0747417,0.255876
1685102271,812826729,15.622,1.39589,-224.448,-0.238347,-0.190504,-0.952312,0.120688,-0.978782,0.165593,-0.963652,-0.075464,0.256281
1685102271,837796227,15.5822,1.02206,-226.027,-0.23915,-0.185911,-0.953018,0.119405,-0.97968,0.161149,-0.963612,-0.0752566,0.256488
1685102271,862791917,15.4273,0.474103,-227.869,-0.238949,-0.183161,-0.953602,0.119057,-0.980166,0.158431,-0.963706,-0.0756758,0.256018
1685102271,887908131,15.4302,0.131651,-229.867,-0.238635,-0.177653,-0.954722,0.117119,-0.981213,0.153308,-0.964022,-0.0752309,0.254962
1685102271,912773513,15.5481,-0.414326,-232.241,-0.236978,-0.172687,-0.956044,0.114048,-0.982216,0.149145,-0.964797,-0.0736911,0.252457
1685102271,937789580,15.4528,-1.0446,-234.801,-0.236941,-0.16686,-0.957088,0.112544,-0.983222,0.143554,-0.964984,-0.0737007,0.251748
1685102271,962744766,15.3736,-1.60625,-237.538,-0.236591,-0.160097,-0.958329,0.110545,-0.984362,0.137154,-0.9653,-0.0734891,0.250589
1685102271,987819899,15.4333,-2.02524,-240.2,-0.236532,-0.15248,-0.959584,0.108665,-0.985565,0.129823,-0.965528,-0.0735657,0.249686
1685102272,12747185,15.6039,-2.57619,-242.866,-0.234445,-0.147122,-0.960933,0.106479,-0.986421,0.125046,-0.966281,-0.0730029,0.246929
1685102272,37707761,15.6217,-2.95888,-245.527,-0.234242,-0.140014,-0.962044,0.104509,-0.987467,0.118268,-0.966546,-0.0728385,0.245941
1685102272,62805402,15.6414,-3.31878,-248.061,-0.233793,-0.133066,-0.963139,0.10333,-0.988381,0.111471,-0.966781,-0.0734594,0.244828
1685102272,87774444,15.6218,-3.73007,-250.659,-0.233025,-0.126398,-0.964222,0.10161,-0.989255,0.105123,-0.967149,-0.0734781,0.243366
1685102272,112709125,15.9319,-4.40616,-253.807,-0.229303,-0.121644,-0.965724,0.0980271,-0.990002,0.101426,-0.968407,-0.0714098,0.238936
1685102272,137806191,15.9719,-4.81262,-256.857,-0.228874,-0.112815,-0.966898,0.0961809,-0.991023,0.0928627,-0.968694,-0.0717431,0.237672
1685102272,162771885,15.9277,-5.19524,-260.13,-0.228099,-0.103636,-0.968108,0.0934209,-0.992061,0.0841886,-0.969147,-0.071238,0.235972
1685102272,187701147,16.0178,-5.52885,-263.424,-0.226868,-0.0956812,-0.969214,0.0924073,-0.992788,0.0763782,-0.969532,-0.0722347,0.234073
1685102272,212778995,16.3824,-6.03202,-266.722,-0.223922,-0.0888081,-0.970552,0.0904177,-0.993438,0.0700414,-0.970404,-0.0720713,0.230482
1685102272,237659096,16.6595,-6.30788,-270.018,-0.221574,-0.0798513,-0.97187,0.0877663,-0.99423,0.0616789,-0.971187,-0.0716308,0.227306
1685102272,262623117,16.6234,-6.91442,-273.288,-0.220672,-0.073994,-0.972538,0.0831777,-0.994913,0.0568231,-0.971795,-0.0683541,0.225706
1685102272,287650592,16.6251,-7.04397,-276.347,-0.220193,-0.0659128,-0.973228,0.0853796,-0.995188,0.048083,-0.971713,-0.0725062,0.224762
1685102272,312633348,16.9392,-6.8469,-279.662,-0.219039,-0.0552002,-0.974153,0.0857388,-0.995625,0.0371385,-0.971941,-0.0753879,0.222813
1685102272,337582685,17.1655,-7.40955,-282.991,-0.216898,-0.0484968,-0.974989,0.0847934,-0.995926,0.0306749,-0.972505,-0.0760193,0.220127
1685102272,362628799,17.709,-7.01599,-286.43,-0.212362,-0.0362743,-0.976518,0.0824143,-0.996415,0.0190908,-0.97371,-0.0764248,0.214592
1685102272,387695632,17.7137,-6.88261,-288.378,-0.211302,-0.0297801,-0.976967,0.0827073,-0.996496,0.0124872,-0.973915,-0.0781638,0.213023
1685102272,412573867,17.3375,-7.54087,-287.678,-0.21303,-0.0339035,-0.976458,0.0818298,-0.996506,0.0167471,-0.973613,-0.0763356,0.215061
1685102272,436657845,17.5702,-7.58942,-286.997,-0.212573,-0.0396044,-0.976342,0.0829093,-0.996306,0.0223629,-0.973621,-0.0761941,0.215071
1685102272,461611720,18.0752,-7.01332,-286.474,-0.213063,-0.0385749,-0.976278,0.0853666,-0.996134,0.020729,-0.973303,-0.0789249,0.215535
1685102272,486573026,17.524,-7.2682,-285.744,-0.211444,-0.0413844,-0.976514,0.0800597,-0.996479,0.0248952,-0.974106,-0.0729154,0.214014
1685102272,511595613,16.91,-7.20196,-285.029,-0.213814,-0.042275,-0.97596,0.079845,-0.996477,0.0256712,-0.973606,-0.0724366,0.216437
1685102272,536578534,17.4262,-6.95616,-284.196,-0.215208,-0.0452588,-0.975519,0.086848,-0.995854,0.0270428,-0.972699,-0.078902,0.218246
1685102272,561594242,17.6227,-6.83138,-283.312,-0.215295,-0.0471614,-0.975409,0.0861119,-0.995859,0.0291433,-0.972744,-0.07772,0.218462
1685102272,586695710,16.9345,-6.72826,-282.621,-0.216725,-0.0480053,-0.975052,0.0835365,-0.996039,0.0304708,-0.972653,-0.0748485,0.219879
1685102272,611557085,16.7393,-6.67858,-281.71,-0.216935,-0.049822,-0.974913,0.0841049,-0.995937,0.0321817,-0.972555,-0.0750137,0.220243
1685102272,636613096,17.1773,-6.82009,-280.645,-0.216234,-0.0529283,-0.974906,0.0830361,-0.995909,0.0356513,-0.972804,-0.0732434,0.219743
1685102272,661596237,17.3008,-6.58632,-279.898,-0.217987,-0.0556336,-0.974365,0.0846458,-0.99569,0.037914,-0.972275,-0.0742111,0.221757
1685102272,686559583,17.1124,-6.38173,-279.344,-0.218612,-0.0582547,-0.974072,0.0874318,-0.995371,0.0399061,-0.971888,-0.0764409,0.222694
1685102272,711562526,16.6875,-6.22422,-278.738,-0.218435,-0.0580836,-0.974122,0.0857027,-0.995512,0.0401412,-0.972082,-0.0747165,0.222435
1685102272,736560943,16.6335,-6.33101,-278.106,-0.219924,-0.0591998,-0.97372,0.0854597,-0.995489,0.0412213,-0.971767,-0.0741482,0.223993
1685102272,761527851,17.022,-6.54876,-277.437,-0.219337,-0.0623586,-0.973654,0.0863071,-0.995283,0.0443013,-0.971824,-0.0743164,0.223683
1685102272,786610125,16.7042,-6.39693,-276.868,-0.220266,-0.063616,-0.973364,0.0847792,-0.995344,0.0458675,-0.97175,-0.0724178,0.224637
1685102272,811615089,16.1992,-6.11121,-276.141,-0.221636,-0.0641322,-0.973018,0.0857564,-0.995251,0.0460638,-0.971351,-0.0732332,0.226083
1685102272,836483415,16.5041,-5.93948,-275.298,-0.221984,-0.0660159,-0.972813,0.0894749,-0.994875,0.047096,-0.970937,-0.0765878,0.226754
1685102272,861495615,16.8987,-6.08607,-274.443,-0.221663,-0.0699916,-0.972609,0.0885411,-0.994745,0.0514056,-0.971096,-0.074721,0.226697
1685102272,886509283,16.6432,-5.90816,-273.768,-0.223304,-0.0715539,-0.97212,0.0889799,-0.994634,0.0527716,-0.97068,-0.0747149,0.228475
1685102272,911430206,16.2769,-5.5675,-273.231,-0.223833,-0.0715571,-0.971998,0.0903314,-0.994532,0.0524143,-0.970433,-0.0760698,0.229075
1685102272,936488505,16.2894,-5.71508,-272.675,-0.223203,-0.0726079,-0.972065,0.0888961,-0.994583,0.0538777,-0.970711,-0.074387,0.228451
1685102272,961462827,16.3953,-5.92991,-272.02,-0.223709,-0.0750794,-0.97176,0.0880056,-0.994512,0.0565775,-0.970675,-0.0728634,0.229089
1685102272,986459148,16.4115,-5.70601,-271.378,-0.224739,-0.07652,-0.971409,0.0897346,-0.994301,0.0575628,-0.970278,-0.0742325,0.230324
1685102273,11414488,16.183,-5.40842,-270.659,-0.224942,-0.0769371,-0.971329,0.0894041,-0.994302,0.0580524,-0.970261,-0.0737824,0.230538
1685102273,36401226,16.0257,-5.34203,-269.852,-0.225852,-0.0789702,-0.970955,0.0895121,-0.994175,0.0600374,-0.97004,-0.0733527,0.231604
1685102273,61453064,16.3318,-5.50433,-269.156,-0.225649,-0.0827298,-0.97069,0.0915583,-0.993779,0.0634137,-0.969897,-0.0745654,0.23182
1685102273,86411653,16.3986,-5.44086,-268.461,-0.225425,-0.0842147,-0.970615,0.0905591,-0.993755,0.0651901,-0.970044,-0.0732024,0.231646
1685102273,111391012,16.1863,-5.39208,-267.856,-0.225677,-0.0858055,-0.970416,0.0904054,-0.99366,0.0668362,-0.969998,-0.0726474,0.232004
1685102273,136464963,16.0369,-5.25221,-267.328,-0.22626,-0.0865989,-0.97021,0.0912597,-0.993544,0.0673992,-0.969782,-0.0732913,0.232702
1685102273,161379303,15.9893,-5.18108,-266.67,-0.227334,-0.0877824,-0.969852,0.0911194,-0.993477,0.0685622,-0.969544,-0.0727858,0.23385
1685102273,186448763,16.0803,-5.24462,-265.857,-0.227188,-0.0905186,-0.969636,0.0913376,-0.993262,0.0713236,-0.969559,-0.0723602,0.233927
1685102273,211321311,16.0843,-5.11513,-265.14,-0.226999,-0.092359,-0.969507,0.0919162,-0.993081,0.0730836,-0.969549,-0.0725232,0.233921
1685102273,236420630,15.9279,-4.97204,-264.57,-0.227488,-0.0937579,-0.969257,0.0918185,-0.992985,0.074503,-0.969443,-0.0720471,0.234502
1685102273,261375363,15.9543,-4.82168,-263.928,-0.228418,-0.0948816,-0.96893,0.0927279,-0.992835,0.0753626,-0.969138,-0.0726325,0.235582
1685102273,286374797,16.037,-4.77602,-263.341,-0.229039,-0.0968341,-0.968589,0.0940545,-0.992585,0.0769924,-0.968862,-0.0734658,0.236448
1685102273,311383184,15.9807,-4.78618,-262.752,-0.228993,-0.0980475,-0.968478,0.0933689,-0.992539,0.0784067,-0.96894,-0.0724711,0.236439
1685102273,336326451,15.7202,-4.70102,-262.249,-0.230257,-0.098393,-0.968143,0.0938635,-0.992482,0.0785427,-0.968593,-0.0727883,0.237761
1685102273,361274345,15.6402,-4.58749,-261.662,-0.230868,-0.100118,-0.96782,0.0951779,-0.992245,0.0799401,-0.968318,-0.0736596,0.238605
1685102273,386240217,15.6481,-4.59113,-260.947,-0.230947,-0.102649,-0.967536,0.0948415,-0.992059,0.0826122,-0.968333,-0.0726835,0.238849
1685102273,411308131,15.6985,-4.53663,-260.256,-0.231109,-0.104764,-0.967271,0.0950416,-0.991862,0.0847195,-0.968274,-0.0723515,0.239185
1685102273,436223080,15.6927,-4.25845,-259.566,-0.231555,-0.105856,-0.967046,0.0964173,-0.991665,0.0854642,-0.968033,-0.0734502,0.239833
1685102273,461279418,15.6767,-4.25085,-258.867,-0.231433,-0.108042,-0.966832,0.0963262,-0.991475,0.0877379,-0.96807,-0.072826,0.239865
1685102273,486198901,15.7003,-4.28904,-258.344,-0.231283,-0.110133,-0.966633,0.0960139,-0.991305,0.0899711,-0.968138,-0.0720013,0.239848
1685102273,511267172,15.6038,-4.12781,-257.687,-0.232775,-0.110377,-0.966248,0.0976522,-0.99117,0.0896987,-0.967616,-0.0734764,0.2415
1685102273,536214161,15.6272,-4.15087,-257.103,-0.232459,-0.11185,-0.966153,0.0974609,-0.991044,0.0912821,-0.96771,-0.0729428,0.241278
1685102273,561173508,15.4624,-3.97036,-256.55,-0.23356,-0.113119,-0.965741,0.0978756,-0.9909,0.0923949,-0.967405,-0.0729425,0.242509
1685102273,586191515,15.4936,-3.75242,-255.942,-0.233906,-0.114264,-0.965522,0.0988924,-0.990716,0.0932884,-0.967217,-0.073662,0.243035
1685102273,611170635,15.6144,-3.71645,-255.21,-0.233018,-0.116076,-0.965521,0.0985015,-0.990562,0.0953145,-0.967472,-0.0728952,0.242254
1685102273,636188154,15.5112,-3.71612,-254.578,-0.233532,-0.118284,-0.965128,0.0988383,-0.99032,0.0974559,-0.967313,-0.0726325,0.242963
1685102273,661126462,15.6149,-3.76236,-254.192,-0.231802,-0.120634,-0.965254,0.0973528,-0.990176,0.10037,-0.967879,-0.0707041,0.24127
1685102273,686182048,15.6621,-3.68346,-253.671,-0.231722,-0.121766,-0.965131,0.0975846,-0.99004,0.101479,-0.967875,-0.070667,0.241297
1685102273,711253545,15.6046,-3.67869,-253.114,-0.232087,-0.123598,-0.964811,0.0975956,-0.989848,0.103329,-0.967787,-0.0701798,0.241795
1685102273,736267923,15.6402,-3.58773,-252.461,-0.232097,-0.12518,-0.964604,0.0980032,-0.989647,0.104849,-0.967743,-0.0701992,0.241962
1685102273,761082995,15.5794,-3.4126,-251.815,-0.232538,-0.126065,-0.964383,0.097534,-0.989588,0.105841,-0.967685,-0.0694479,0.242414
1685102273,786084915,15.7812,-3.09104,-251.113,-0.231296,-0.126039,-0.964684,0.10019,-0.989386,0.105244,-0.967711,-0.0723088,0.241468
1685102273,811126595,15.8005,-2.98212,-250.529,-0.231461,-0.12786,-0.964406,0.101784,-0.989068,0.106701,-0.967505,-0.0734641,0.241946
1685102273,836186160,15.7432,-2.87703,-249.883,-0.231976,-0.12929,-0.964091,0.10216,-0.988884,0.108033,-0.967342,-0.0734307,0.242607
1685102273,861057206,15.6946,-2.88373,-249.325,-0.232113,-0.131268,-0.963791,0.102179,-0.98866,0.110047,-0.967307,-0.0729357,0.242895
1685102273,886060355,15.7287,-2.79963,-248.733,-0.232454,-0.132639,-0.963521,0.10346,-0.988409,0.111105,-0.967089,-0.0738588,0.243484
1685102273,910078919,15.7204,-2.67646,-248.201,-0.232707,-0.133429,-0.963351,0.103419,-0.988323,0.111906,-0.967033,-0.0735878,0.243789
1685102273,936059583,15.6848,-2.59615,-247.65,-0.232814,-0.134973,-0.96311,0.103247,-0.988156,0.113525,-0.967026,-0.0730084,0.243992
1685102273,960134796,15.6842,-2.48976,-247.001,-0.233164,-0.13692,-0.962749,0.104807,-0.987809,0.115102,-0.966772,-0.0740655,0.24467
1685102273,985066011,15.6628,-2.37487,-246.398,-0.233513,-0.138221,-0.96248,0.105258,-0.987622,0.116295,-0.96664,-0.0741528,0.245172
1685102274,10112727,15.6712,-2.23921,-245.874,-0.233717,-0.139319,-0.962271,0.105173,-0.987497,0.117427,-0.966599,-0.0737608,0.245446
1685102274,35081457,15.6654,-2.20673,-245.374,-0.233317,-0.141064,-0.962114,0.104938,-0.987296,0.119308,-0.966722,-0.0731262,0.245155
1685102274,60117162,15.5504,-2.07758,-244.92,-0.234197,-0.141702,-0.961807,0.106292,-0.987122,0.119549,-0.966362,-0.0742342,0.246244
1685102274,85019612,15.5408,-1.94062,-244.326,-0.234713,-0.142418,-0.961576,0.107468,-0.986947,0.119943,-0.966107,-0.075186,0.246957
1685102274,110015580,15.5289,-1.90524,-243.806,-0.23476,-0.14443,-0.961264,0.106328,-0.986782,0.122296,-0.966221,-0.073499,0.247014
1685102274,135064139,15.5031,-1.7758,-243.223,-0.235086,-0.145808,-0.960976,0.106615,-0.986587,0.123612,-0.96611,-0.0733951,0.247479
1685102274,160076916,15.5192,-1.65946,-242.669,-0.235031,-0.147495,-0.960733,0.107361,-0.986311,0.125157,-0.966041,-0.0737292,0.247652
1685102274,185067328,15.5126,-1.61093,-242.101,-0.235277,-0.149385,-0.96038,0.1079,-0.986024,0.12694,-0.965921,-0.0737592,0.248109
1685102274,209968841,15.527,-1.53274,-241.531,-0.235681,-0.150547,-0.960099,0.108987,-0.985791,0.127822,-0.965699,-0.0745127,0.248739
1685102274,234989610,15.5025,-1.45588,-240.966,-0.235553,-0.151686,-0.959952,0.108679,-0.985661,0.12908,-0.965767,-0.073921,0.248661
1685102274,260002891,15.519,-1.32063,-240.512,-0.235353,-0.152465,-0.959876,0.108603,-0.985559,0.129916,-0.965823,-0.073669,0.248512
1685102274,284994266,15.5566,-1.22689,-240.028,-0.235165,-0.153647,-0.959734,0.108823,-0.98538,0.131087,-0.965843,-0.0736145,0.248446
1685102274,309960668,15.521,-1.12479,-239.466,-0.236244,-0.154904,-0.959267,0.110584,-0.985084,0.131839,-0.965381,-0.0749334,0.24985
1685102274,335000125,15.5239,-1.05764,-238.94,-0.236141,-0.156586,-0.959019,0.110479,-0.984858,0.133601,-0.965418,-0.0744032,0.249865
