ROS Seconds,ROS Nanoseconds,X,Y,Z,Rx0,Rx1,Rx2,Ry0,Ry1,Ry2,Rz0,Rz1,Rz2
1685105475,278509048,15.1371,12.8964,-189.206,-0.210084,-0.234008,-0.949266,0.147946,-0.967362,0.205727,-0.966425,-0.0972199,0.237849
1685105475,303464832,15.1365,12.8984,-189.201,-0.210097,-0.233985,-0.949267,0.147979,-0.967363,0.205694,-0.966416,-0.0972565,0.237862
1685105475,328518614,15.1388,12.8912,-189.194,-0.210058,-0.234063,-0.949257,0.147982,-0.967345,0.205777,-0.966425,-0.0972479,0.237836
1685105475,353523216,15.1413,12.8917,-189.195,-0.210015,-0.234054,-0.94927,0.148013,-0.967343,0.205764,-0.96643,-0.0972904,0.2378
1685105475,378444068,15.1405,12.8952,-189.197,-0.210032,-0.234001,-0.949279,0.147992,-0.967357,0.205713,-0.966429,-0.0972789,0.237806
1685105475,403618654,15.1398,12.8937,-189.194,-0.210023,-0.234002,-0.949281,0.147967,-0.96736,0.205722,-0.966435,-0.0972559,0.237793
1685105475,428509380,15.1472,12.8959,-189.192,-0.20995,-0.233981,-0.9493,0.147982,-0.967361,0.205705,-0.966447,-0.097292,0.23772
1685105475,453576066,15.1429,12.8914,-189.191,-0.209999,-0.234036,-0.949276,0.14805,-0.967343,0.205739,-0.966426,-0.0973357,0.237788
1685105475,478440745,15.1431,12.8929,-189.191,-0.210008,-0.234032,-0.949277,0.148109,-0.967338,0.205719,-0.966417,-0.097394,0.237812
1685105475,503489679,15.1449,12.8975,-189.194,-0.209982,-0.233997,-0.949292,0.148135,-0.967343,0.205679,-0.966419,-0.0974343,0.237789
1685105475,528614816,15.1488,12.8974,-189.192,-0.209924,-0.233992,-0.949305,0.148134,-0.967343,0.20568,-0.96643,-0.0974472,0.23773
1685105475,553456882,15.1472,12.8951,-189.197,-0.209928,-0.234,-0.949303,0.14807,-0.967348,0.205704,-0.966441,-0.09738,0.237725
1685105475,578481942,15.1482,12.8931,-189.198,-0.209905,-0.234014,-0.949306,0.147968,-0.967354,0.205746,-0.966462,-0.0972787,0.237683
1685105475,603422135,15.1475,12.8987,-189.203,-0.209896,-0.233956,-0.949321,0.147859,-0.967378,0.205714,-0.96648,-0.097187,0.237645
1685105475,628437949,15.143,12.9013,-189.201,-0.209949,-0.233948,-0.94931,0.147916,-0.967375,0.205686,-0.966459,-0.0972348,0.237704
1685105475,653509343,15.1409,12.9055,-189.203,-0.209964,-0.233918,-0.949314,0.147902,-0.967383,0.205658,-0.966458,-0.0972249,0.237712
1685105475,678397873,15.135,12.9005,-189.197,-0.210049,-0.233973,-0.949282,0.147991,-0.967364,0.205684,-0.966425,-0.0972814,0.23782
1685105475,703417692,15.1387,12.8999,-189.199,-0.20998,-0.233976,-0.949297,0.147864,-0.967375,0.205725,-0.96646,-0.0971687,0.237728
1685105475,728480698,15.1361,12.904,-189.201,-0.210009,-0.233923,-0.949304,0.14787,-0.967386,0.205666,-0.966453,-0.0971812,0.23775
1685105475,753388782,15.1357,12.9034,-189.199,-0.210026,-0.233912,-0.949303,0.147884,-0.967388,0.20565,-0.966447,-0.0971946,0.237769
1685105475,778373535,15.1378,12.9039,-189.201,-0.210019,-0.233917,-0.949301,0.147905,-0.967384,0.205651,-0.966444,-0.0972161,0.237764
1685105475,803397568,15.1382,12.9038,-189.202,-0.210016,-0.233948,-0.949295,0.147955,-0.967372,0.20567,-0.966438,-0.0972589,0.237777
1685105475,828439694,15.1417,12.907,-189.201,-0.209976,-0.233907,-0.949315,0.147886,-0.967387,0.20565,-0.966458,-0.0972092,0.23772
1685105475,853456656,15.1423,12.9052,-189.197,-0.209982,-0.233936,-0.949306,0.147943,-0.967375,0.205664,-0.966447,-0.0972576,0.23774
1685105475,878403127,15.1422,12.9027,-189.198,-0.209986,-0.233932,-0.949306,0.147841,-0.967387,0.205685,-0.966462,-0.0971557,0.237723
1685105475,903472532,15.1486,12.8979,-189.196,-0.209908,-0.23396,-0.949316,0.147781,-0.967385,0.205737,-0.966488,-0.097105,0.237636
1685105475,928466161,15.1448,12.898,-189.194,-0.209958,-0.233974,-0.949302,0.147898,-0.967371,0.205716,-0.96646,-0.0972077,0.237711
1685105475,953457757,15.149,12.9053,-189.193,-0.209909,-0.233881,-0.949335,0.147789,-0.967401,0.205654,-0.966486,-0.097133,0.237631
1685105475,978359522,15.152,12.8993,-189.187,-0.209894,-0.233924,-0.949328,0.147781,-0.967392,0.205701,-0.966491,-0.0971176,0.237618
1685105476,3383747,15.1518,12.8995,-189.187,-0.209903,-0.233922,-0.949328,0.147769,-0.967394,0.205701,-0.966492,-0.0971038,0.237628
1685105476,28419379,15.1517,12.8994,-189.185,-0.209901,-0.233931,-0.949325,0.14781,-0.967388,0.205701,-0.966486,-0.0971426,0.237633
1685105476,53400366,15.155,12.8985,-189.181,-0.209877,-0.233911,-0.949335,0.147785,-0.967394,0.205688,-0.966494,-0.0971286,0.237602
1685105476,78340843,15.1537,12.8976,-189.182,-0.209894,-0.23391,-0.949332,0.147776,-0.967396,0.205688,-0.966493,-0.0971158,0.237619
1685105476,103393912,15.1554,12.8973,-189.181,-0.209884,-0.233908,-0.949335,0.147827,-0.967391,0.205675,-0.966487,-0.0971694,0.23762
1685105476,128369830,15.1602,12.894,-189.177,-0.209808,-0.233952,-0.94934,0.147767,-0.967386,0.205742,-0.966512,-0.097115,0.237536
1685105476,153296906,15.1615,12.8956,-189.177,-0.209818,-0.233917,-0.949347,0.14782,-0.967388,0.205692,-0.966502,-0.0971746,0.237554
1685105476,178342286,15.1605,12.8977,-189.176,-0.209847,-0.23389,-0.949347,0.147821,-0.967395,0.205661,-0.966496,-0.0971761,0.23758
1685105476,203318736,15.164,12.893,-189.179,-0.209804,-0.233984,-0.949334,0.147976,-0.967358,0.205723,-0.966482,-0.0973166,0.237583
1685105476,228288782,15.1597,12.8944,-189.181,-0.209851,-0.233965,-0.949327,0.148021,-0.967358,0.205689,-0.966464,-0.097356,0.237632
1685105476,253301218,15.1575,12.8934,-189.182,-0.209886,-0.233961,-0.949321,0.148043,-0.967358,0.205676,-0.966453,-0.0973716,0.237672
1685105476,278314280,15.1557,12.8918,-189.182,-0.209908,-0.234,-0.949307,0.14807,-0.967347,0.205706,-0.966444,-0.0973847,0.237703
1685105476,303331295,15.1585,12.8896,-189.185,-0.209857,-0.234039,-0.949308,0.147984,-0.967346,0.205773,-0.966468,-0.0972995,0.237638
1685105476,328245179,15.1622,12.889,-189.19,-0.209829,-0.234034,-0.949316,0.14807,-0.967338,0.205749,-0.966461,-0.0973927,0.23763
1685105476,353340623,15.1569,12.8939,-189.191,-0.209918,-0.233992,-0.949305,0.148092,-0.967347,0.205692,-0.966438,-0.097406,0.237715
1685105476,378368590,15.1602,12.8968,-189.195,-0.209891,-0.233965,-0.94932,0.148037,-0.967358,0.205681,-0.966454,-0.0973634,0.237677
1685105476,403343313,15.1582,12.8961,-189.197,-0.209927,-0.233982,-0.949307,0.148113,-0.967347,0.205676,-0.966434,-0.0974276,0.237729
1685105476,428370661,15.1562,12.8912,-189.203,-0.209952,-0.234029,-0.94929,0.14816,-0.967333,0.205709,-0.966421,-0.0974573,0.237768
1685105476,453360380,15.1534,12.8966,-189.204,-0.209968,-0.233947,-0.949308,0.148002,-0.967367,0.205662,-0.966443,-0.0973165,0.237745
1685105476,478311174,15.1521,12.898,-189.208,-0.209981,-0.233956,-0.949301,0.148026,-0.967363,0.205664,-0.966435,-0.0973356,0.237759
1685105476,503325954,15.1521,12.9025,-189.205,-0.209984,-0.233913,-0.949312,0.148096,-0.967365,0.205603,-0.966425,-0.097415,0.237775
1685105476,528352974,15.1567,12.912,-189.213,-0.209921,-0.23381,-0.949351,0.147996,-0.967396,0.205529,-0.966453,-0.0973547,0.23768
1685105476,553335322,15.1565,12.9121,-189.209,-0.20994,-0.233791,-0.949352,0.147943,-0.967406,0.205521,-0.966457,-0.0973028,0.237687
1685105476,578334387,15.1558,12.9113,-189.21,-0.209947,-0.233785,-0.949351,0.147887,-0.967413,0.205528,-0.966464,-0.0972465,0.23768
1685105476,603423573,15.1592,12.9123,-189.212,-0.209891,-0.233789,-0.949363,0.147965,-0.967403,0.205519,-0.966465,-0.0973355,0.237644
1685105476,628324861,15.1569,12.9085,-189.211,-0.209891,-0.233817,-0.949355,0.147987,-0.967395,0.205542,-0.96646,-0.097351,0.237649
1685105476,653208010,15.1617,12.9109,-189.212,-0.209851,-0.233804,-0.949368,0.148013,-0.967394,0.205526,-0.966465,-0.0973886,0.237615
1685105476,678300138,15.1672,12.9107,-189.212,-0.209811,-0.23379,-0.94938,0.148039,-0.967394,0.205509,-0.96647,-0.0974274,0.23758
1685105476,703309583,15.1657,12.9128,-189.203,-0.209828,-0.233776,-0.949379,0.148027,-0.967398,0.205497,-0.966468,-0.0974152,0.237592
1685105476,728196471,15.1731,12.9107,-189.204,-0.209739,-0.233773,-0.949399,0.147969,-0.967403,0.205517,-0.966495,-0.0973774,0.237491
1685105476,753222742,15.172,12.9044,-189.205,-0.209734,-0.233818,-0.94939,0.14792,-0.967398,0.205575,-0.966505,-0.0973174,0.237484
1685105476,778298641,15.1723,12.9019,-189.198,-0.209732,-0.233841,-0.949384,0.147893,-0.967395,0.205606,-0.966509,-0.0972854,0.237478
1685105476,803204089,15.1719,12.8984,-189.195,-0.209719,-0.233877,-0.949379,0.147877,-0.967389,0.205647,-0.966515,-0.0972629,0.237465
1685105476,828227957,15.1698,12.8983,-189.193,-0.209768,-0.233878,-0.949368,0.147883,-0.967389,0.205642,-0.966503,-0.0972581,0.237515
1685105476,852247047,15.1685,12.9018,-189.197,-0.209779,-0.233856,-0.949371,0.147839,-0.967399,0.205629,-0.966508,-0.0972169,0.237514
1685105476,877205397,15.1656,12.9087,-189.197,-0.209813,-0.233797,-0.949378,0.147828,-0.967413,0.205569,-0.966502,-0.0972138,0.237539
1685105476,902259242,15.1611,12.9057,-189.192,-0.20983,-0.233816,-0.94937,0.147703,-0.967422,0.205617,-0.966518,-0.0970795,0.237531
1685105476,927192466,15.1567,12.9045,-189.193,-0.209854,-0.233837,-0.949358,0.147693,-0.967419,0.205639,-0.966513,-0.09706,0.237551
1685105476,952252447,15.1564,12.9033,-189.189,-0.209878,-0.233862,-0.949347,0.147817,-0.967402,0.20563,-0.966489,-0.0971724,0.237605
1685105476,977249962,15.1524,12.9008,-189.187,-0.209905,-0.233892,-0.949333,0.147837,-0.967394,0.205654,-0.96648,-0.0971788,0.237637
1685105477,2230852,15.149,12.9024,-189.189,-0.209922,-0.233897,-0.949329,0.147823,-0.967395,0.20566,-0.966479,-0.0971596,0.237654
1685105477,27205286,15.1507,12.8993,-189.187,-0.209916,-0.233915,-0.949326,0.147885,-0.967384,0.205664,-0.966471,-0.0972186,0.237664
1685105477,52258882,15.1553,12.898,-189.19,-0.209874,-0.233929,-0.949332,0.147882,-0.967381,0.205684,-0.966481,-0.0972218,0.237623
1685105477,77196158,15.1565,12.8986,-189.19,-0.209844,-0.233921,-0.94934,0.147855,-0.967384,0.205685,-0.966491,-0.0972027,0.237587
1685105477,102177447,15.1479,12.9058,-189.188,-0.209978,-0.233849,-0.949329,0.148041,-0.967384,0.205552,-0.966434,-0.0973778,0.237751
1685105477,127241295,15.146,12.899,-189.188,-0.210001,-0.233923,-0.949305,0.14806,-0.967367,0.20562,-0.966426,-0.0973734,0.237783
1685105477,152177123,15.148,12.9002,-189.193,-0.209981,-0.23389,-0.949318,0.14804,-0.967376,0.205593,-0.966433,-0.0973664,0.237757
1685105477,177163345,15.145,12.8997,-189.194,-0.210026,-0.233924,-0.949298,0.14815,-0.967358,0.205597,-0.966405,-0.097458,0.237825
1685105477,202227855,15.1469,12.8992,-189.198,-0.209991,-0.233921,-0.949308,0.148073,-0.967366,0.205616,-0.966426,-0.0973892,0.237776
1685105477,227188197,15.1468,12.9011,-189.2,-0.210014,-0.233896,-0.949308,0.148051,-0.967374,0.205594,-0.966423,-0.0973689,0.23779
1685105477,252210002,15.1471,12.8981,-189.2,-0.210032,-0.233915,-0.9493,0.148107,-0.967364,0.205598,-0.966412,-0.0974157,0.237823
1685105477,277155709,15.1455,12.9011,-189.202,-0.210049,-0.233898,-0.9493,0.148114,-0.967368,0.205577,-0.966406,-0.097424,0.237837
1685105477,302305322,15.1466,12.9017,-189.202,-0.210045,-0.2339,-0.949301,0.148155,-0.967363,0.20557,-0.966401,-0.0974651,0.237844
1685105477,327295741,15.1496,12.8966,-189.204,-0.209999,-0.233931,-0.949304,0.148111,-0.96736,0.205616,-0.966418,-0.0974231,0.237793
1685105477,352191817,15.1532,12.8981,-189.206,-0.209956,-0.233922,-0.949316,0.14812,-0.96736,0.205609,-0.966427,-0.0974432,0.237753
1685105477,377166997,15.1535,12.9041,-189.205,-0.209967,-0.233861,-0.949329,0.148146,-0.967371,0.205539,-0.96642,-0.0974824,0.237763
1685105477,402178629,15.1572,12.9021,-189.199,-0.209959,-0.23388,-0.949325,0.148219,-0.967359,0.205542,-0.96641,-0.0975524,0.237772
1685105477,427316286,15.1534,12.9048,-189.201,-0.210006,-0.233843,-0.949324,0.148204,-0.96737,0.205503,-0.966403,-0.0975368,0.237812
1685105477,452176655,15.1497,12.9066,-189.203,-0.210057,-0.233849,-0.949312,0.148244,-0.967365,0.205494,-0.966386,-0.0975643,0.237871
1685105477,477191238,15.1543,12.9053,-189.204,-0.210011,-0.233861,-0.949319,0.14825,-0.967361,0.205509,-0.966395,-0.0975771,0.237828
1685105477,502185627,15.1519,12.907,-189.206,-0.210018,-0.233856,-0.949318,0.148256,-0.967362,0.205503,-0.966392,-0.0975822,0.237834
1685105477,527172284,15.1521,12.9092,-189.207,-0.209995,-0.233836,-0.949327,0.148166,-0.967375,0.205507,-0.96641,-0.0975025,0.23779
1685105477,552143025,15.1482,12.9084,-189.204,-0.210036,-0.233861,-0.949313,0.148235,-0.967363,0.205511,-0.966392,-0.0975565,0.23785
1685105477,577204701,15.1508,12.9089,-189.2,-0.210022,-0.233848,-0.949319,0.148223,-0.967367,0.205502,-0.966396,-0.0975512,0.237831
1685105477,602065054,15.1473,12.9057,-189.201,-0.210064,-0.233891,-0.949299,0.148249,-0.967356,0.205535,-0.966383,-0.0975572,0.237881
1685105477,627096865,15.146,12.9,-189.203,-0.210091,-0.233948,-0.949279,0.148293,-0.96734,0.20558,-0.96637,-0.0975807,0.237921
1685105477,652072960,15.1449,12.9025,-189.205,-0.210045,-0.233934,-0.949293,0.148118,-0.96736,0.205613,-0.966407,-0.0974195,0.23784
1685105477,677087516,15.1492,12.9023,-189.205,-0.209951,-0.233941,-0.949313,0.148037,-0.967364,0.205649,-0.966441,-0.097357,0.237734
1685105477,702073368,15.1524,12.9001,-189.208,-0.209942,-0.233958,-0.949309,0.148061,-0.967358,0.205662,-0.966438,-0.097379,0.237729
1685105477,727202361,15.152,12.9029,-189.208,-0.209939,-0.233928,-0.949318,0.148,-0.96737,0.205647,-0.966449,-0.0973261,0.237711
1685105477,752067708,15.1534,12.9087,-189.209,-0.209904,-0.233875,-0.949338,0.14797,-0.967384,0.205604,-0.96646,-0.0973165,0.237665
1685105477,777121794,15.1548,12.9097,-189.208,-0.209888,-0.233858,-0.949347,0.147885,-0.967396,0.205609,-0.966477,-0.0972395,0.23763
1685105477,802090375,15.151,12.9052,-189.207,-0.209945,-0.23391,-0.949321,0.147998,-0.967375,0.205628,-0.966447,-0.0973271,0.237714
1685105477,827067870,15.1493,12.9114,-189.211,-0.20995,-0.233849,-0.949334,0.147914,-0.967396,0.205586,-0.966458,-0.0972567,0.237694
1685105477,852068457,15.1503,12.91,-189.211,-0.209931,-0.233858,-0.949337,0.14793,-0.967392,0.205594,-0.966462,-0.0972741,0.237683
1685105477,877096395,15.1495,12.9096,-189.209,-0.209937,-0.233862,-0.949333,0.147923,-0.967392,0.205598,-0.966459,-0.0972662,0.237682
1685105477,902105912,15.1485,12.9054,-189.205,-0.20995,-0.233903,-0.94932,0.147936,-0.967382,0.205636,-0.966454,-0.097266,0.237703
1685105477,927023194,15.1476,12.9025,-189.202,-0.209951,-0.233935,-0.949314,0.14798,-0.967371,0.205658,-0.96645,-0.0973006,0.237721
1685105477,952126568,15.145,12.9046,-189.199,-0.209974,-0.233901,-0.949316,0.147933,-0.967384,0.205632,-0.96645,-0.097258,0.237727
1685105477,977080076,15.144,12.9055,-189.197,-0.20998,-0.233901,-0.949316,0.147941,-0.967383,0.20563,-0.966449,-0.097264,0.237737
1685105478,1989022,15.1432,12.9037,-189.199,-0.209984,-0.233904,-0.949314,0.147945,-0.967382,0.205631,-0.966447,-0.0972664,0.237741
1685105478,27063289,15.1456,12.9036,-189.203,-0.209944,-0.233921,-0.949318,0.147958,-0.967376,0.20565,-0.966454,-0.0972843,0.237707
1685105478,52017734,15.1449,12.9047,-189.204,-0.209949,-0.233921,-0.949317,0.147972,-0.967375,0.205645,-0.96645,-0.0972969,0.237715
1685105478,77052604,15.1442,12.9019,-189.201,-0.209945,-0.233956,-0.94931,0.147995,-0.967365,0.205676,-0.966449,-0.0973124,0.237721
1685105478,101984957,15.1453,12.907,-189.199,-0.210059,-0.233867,-0.949305,0.147956,-0.967391,0.205583,-0.966428,-0.0972713,0.23781
1685105478,127072468,15.1665,12.8991,-189.231,-0.210149,-0.233759,-0.949312,0.147792,-0.967432,0.205504,-0.966434,-0.0971143,0.237852
1685105478,151960117,15.4412,12.478,-189.365,-0.21004,-0.234635,-0.949121,0.147859,-0.967233,0.206391,-0.966448,-0.0969852,0.237852
1685105478,177040063,15.5111,12.4132,-189.894,-0.210131,-0.237733,-0.94833,0.148318,-0.96651,0.209427,-0.966358,-0.0966472,0.238355
1685105478,201960340,15.5722,12.3343,-189.961,-0.210843,-0.238279,-0.948035,0.147252,-0.966511,0.210174,-0.966366,-0.0952857,0.238871
1685105478,227084361,15.5931,12.2893,-190.007,-0.212564,-0.237138,-0.947936,0.145606,-0.966961,0.209247,-0.966238,-0.093547,0.240072
1685105478,251970434,15.7382,12.3085,-190.236,-0.212969,-0.237391,-0.947782,0.145108,-0.966962,0.209589,-0.966224,-0.0928948,0.240382
1685105478,276989969,15.8039,12.2924,-190.518,-0.214266,-0.238305,-0.947259,0.1458,-0.966721,0.210222,-0.965832,-0.0930668,0.24188
1685105478,301979929,15.7358,12.2126,-190.609,-0.217192,-0.239325,-0.946336,0.146986,-0.966442,0.210675,-0.964999,-0.0933412,0.245082
1685105478,327035485,15.7862,11.9381,-190.862,-0.21745,-0.240606,-0.945953,0.145903,-0.966266,0.212234,-0.965106,-0.0918669,0.245222
1685105478,351955030,15.9303,11.7151,-191.192,-0.216642,-0.241369,-0.945943,0.144268,-0.966231,0.213505,-0.965532,-0.0902153,0.244148
1685105478,377083395,15.9513,11.707,-191.455,-0.217651,-0.24273,-0.945363,0.14532,-0.965846,0.214532,-0.965148,-0.0906868,0.245492
1685105478,401934642,15.9889,11.6282,-191.605,-0.2184,-0.244024,-0.944857,0.144992,-0.965598,0.215867,-0.965028,-0.0898509,0.24627
1685105478,427000284,16.1245,11.5107,-191.656,-0.218773,-0.245073,-0.944499,0.143934,-0.965463,0.217173,-0.965102,-0.0884333,0.246493
1685105478,451953460,16.3102,11.4568,-191.938,-0.217893,-0.245831,-0.944504,0.142723,-0.96538,0.218339,-0.96548,-0.0872281,0.245433
1685105478,476978325,16.3679,11.4457,-192.164,-0.219137,-0.246353,-0.944081,0.142857,-0.965273,0.218724,-0.965179,-0.0869377,0.24672
1685105478,501901650,16.3824,11.3549,-192.277,-0.222207,-0.246947,-0.943209,0.144644,-0.965038,0.218587,-0.964212,-0.0878576,0.25016
1685105478,525965844,16.4357,11.1231,-192.438,-0.222728,-0.24812,-0.942776,0.144031,-0.964832,0.219897,-0.964181,-0.0868121,0.25063
1685105478,551987698,16.5554,10.9866,-192.76,-0.221627,-0.248173,-0.943022,0.141465,-0.965024,0.220717,-0.964815,-0.084488,0.248983
1685105478,575939765,16.6244,10.9688,-193.096,-0.222816,-0.248102,-0.942761,0.141632,-0.965051,0.220494,-0.964517,-0.0843952,0.250167
1685105478,600929210,16.6879,10.8605,-193.269,-0.224917,-0.249113,-0.941996,0.143205,-0.964719,0.220929,-0.963797,-0.0852079,0.252657
1685105478,625931614,16.7668,10.7472,-193.471,-0.225254,-0.25064,-0.94151,0.142643,-0.964416,0.222611,-0.963802,-0.0841553,0.252992
1685105478,650964293,16.7713,10.7855,-193.635,-0.224584,-0.251493,-0.941441,0.141675,-0.964283,0.223798,-0.9641,-0.0831181,0.252191
1685105478,675952555,16.7923,10.8364,-193.798,-0.22554,-0.251784,-0.941136,0.141194,-0.964275,0.224138,-0.963949,-0.0823309,0.253034
1685105478,700925515,16.848,10.7042,-193.972,-0.226932,-0.252277,-0.940669,0.141905,-0.964125,0.224334,-0.963517,-0.0825777,0.254589
1685105478,725935864,16.9481,10.4963,-194.163,-0.226406,-0.253481,-0.940472,0.141118,-0.963893,0.225821,-0.963756,-0.0815906,0.254002
1685105478,751027294,16.9804,10.4477,-194.592,-0.225363,-0.254287,-0.940506,0.139405,-0.963822,0.227187,-0.964251,-0.0799109,0.252662
1685105478,775969492,17.051,10.54,-194.783,-0.227142,-0.253285,-0.940347,0.140289,-0.964025,0.225776,-0.963704,-0.0806374,0.254504
1685105478,800922264,17.1102,10.481,-194.722,-0.229442,-0.253389,-0.939761,0.141896,-0.963911,0.225256,-0.962924,-0.0816653,0.257117
1685105478,825914517,17.0687,10.4147,-194.815,-0.23018,-0.254058,-0.9394,0.141885,-0.963767,0.225882,-0.96275,-0.0812929,0.257888
1685105478,850965254,17.0729,10.3846,-194.995,-0.229127,-0.255476,-0.939272,0.141144,-0.963465,0.227625,-0.963109,-0.0804178,0.256815
1685105478,875956699,17.0649,10.4281,-194.984,-0.230341,-0.254906,-0.939131,0.141023,-0.963638,0.22697,-0.962838,-0.0801581,0.257913
1685105478,900920139,17.04,10.3535,-195.07,-0.231971,-0.255166,-0.93866,0.141913,-0.963533,0.226857,-0.962316,-0.0805835,0.259725
1685105478,925953812,17.0439,10.144,-195.171,-0.230929,-0.256739,-0.938486,0.141271,-0.963184,0.228734,-0.962659,-0.07976,0.258696
1685105478,950990053,17.0166,10.0368,-195.39,-0.22978,-0.257742,-0.938494,0.139785,-0.963038,0.230258,-0.963152,-0.0782786,0.257315
1685105478,975937276,17.0069,10.0933,-195.514,-0.231327,-0.256968,-0.938326,0.140559,-0.963195,0.229127,-0.962669,-0.078887,0.258931
1685105479,913194,17.1187,9.95114,-195.544,-0.231511,-0.257797,-0.938053,0.141147,-0.962947,0.229804,-0.962538,-0.0792016,0.25932
1685105479,25892767,17.1154,9.85641,-195.655,-0.231554,-0.258157,-0.937943,0.140287,-0.96293,0.230401,-0.962654,-0.0782312,0.259187
1685105479,50920524,17.0679,9.81353,-195.781,-0.231599,-0.258733,-0.937774,0.139487,-0.962854,0.231205,-0.96276,-0.0772603,0.259086
1685105479,75936502,17.0123,9.8172,-195.782,-0.232439,-0.258796,-0.937548,0.140385,-0.962783,0.230957,-0.962426,-0.0779346,0.260118
1685105479,100926500,17.0257,9.73559,-195.789,-0.233085,-0.258829,-0.937379,0.140333,-0.962792,0.230951,-0.962278,-0.0777143,0.260734
1685105479,125976415,17.2429,9.56812,-195.65,-0.232112,-0.259014,-0.937569,0.141254,-0.962652,0.230974,-0.962378,-0.0788235,0.26003
1685105479,150921290,17.0296,9.85761,-195.671,-0.232208,-0.258218,-0.937766,0.140084,-0.962945,0.230463,-0.962526,-0.0778506,0.259777
1685105479,175896643,17.0308,9.80382,-195.737,-0.232397,-0.258551,-0.937626,0.140014,-0.962872,0.23081,-0.96249,-0.077641,0.259969
1685105479,200847346,17.0255,9.7582,-195.775,-0.232664,-0.258928,-0.937455,0.140182,-0.962771,0.231129,-0.962401,-0.0776385,0.260299
1685105479,225848253,17.0084,9.71328,-195.804,-0.232844,-0.259272,-0.937316,0.140052,-0.9627,0.231502,-0.962377,-0.0773694,0.260471
1685105479,250856799,16.9877,9.67466,-195.831,-0.232991,-0.25964,-0.937178,0.139933,-0.962622,0.231901,-0.962359,-0.0771108,0.260615
1685105479,275903340,16.9782,9.64573,-195.837,-0.233085,-0.259986,-0.937058,0.139958,-0.962536,0.232241,-0.962332,-0.077017,0.26074
1685105479,300830466,16.9639,9.62013,-195.827,-0.233285,-0.260297,-0.936923,0.139936,-0.962465,0.23255,-0.962287,-0.0768583,0.260954
1685105479,325892288,16.9212,9.62506,-195.83,-0.234432,-0.259938,-0.936737,0.140155,-0.962559,0.232028,-0.961977,-0.0768936,0.262089
1685105479,350807720,16.9063,9.65735,-195.798,-0.234972,-0.25991,-0.936609,0.140556,-0.962545,0.231845,-0.961787,-0.0771687,0.262705
1685105479,375834632,16.8735,9.68603,-195.776,-0.235632,-0.259965,-0.936428,0.140973,-0.96251,0.231733,-0.961564,-0.0774066,0.263448
1685105479,400808716,17.0211,9.62834,-195.72,-0.240427,-0.260518,-0.935054,0.149033,-0.961796,0.229648,-0.959158,-0.0841403,0.270068
1685105479,425825460,17.0279,9.63612,-195.632,-0.236387,-0.26352,-0.935242,0.144735,-0.961333,0.234289,-0.960818,-0.0799801,0.265386
1685105479,450904878,16.6656,10.2514,-195.205,-0.233032,-0.264743,-0.935739,0.143774,-0.961035,0.236095,-0.961783,-0.0795168,0.262016
1685105479,475797978,16.7575,10.5336,-195.007,-0.231028,-0.264304,-0.936359,0.144608,-0.961034,0.23559,-0.96214,-0.0809776,0.260245
1685105479,500763337,16.9485,10.7595,-194.768,-0.228994,-0.262779,-0.937288,0.145324,-0.961312,0.234009,-0.962519,-0.0826231,0.258323
1685105479,525768614,16.8576,11.0206,-194.462,-0.229541,-0.261958,-0.937385,0.146772,-0.961403,0.232729,-0.96217,-0.0841612,0.259131
1685105479,550827105,16.802,11.4781,-194.174,-0.229714,-0.260095,-0.937862,0.148678,-0.961697,0.23029,-0.961836,-0.0865379,0.259589
1685105479,575777827,16.8763,11.7514,-193.885,-0.22775,-0.257766,-0.938983,0.148779,-0.962214,0.228057,-0.962288,-0.08776,0.257498
1685105479,600761796,16.8722,11.9705,-193.653,-0.228667,-0.255493,-0.939379,0.150885,-0.962587,0.225076,-0.96174,-0.0902713,0.258661
1685105479,625790218,16.776,12.1419,-193.506,-0.227823,-0.253247,-0.940193,0.152201,-0.962978,0.222503,-0.961734,-0.0924072,0.257934
1685105479,650730366,16.7623,12.3854,-193.317,-0.225357,-0.250508,-0.94152,0.15099,-0.963683,0.220265,-0.962505,-0.0925215,0.254997
1685105479,675753582,16.7487,12.6967,-193.232,-0.223996,-0.248071,-0.942489,0.150645,-0.964253,0.217996,-0.962876,-0.0931515,0.253358
1685105479,700745822,16.8368,12.9556,-193.25,-0.223437,-0.246004,-0.943164,0.154322,-0.964351,0.214971,-0.962425,-0.0975181,0.253436
1685105479,725765857,16.8763,13.1011,-193.076,-0.221709,-0.244673,-0.943918,0.155202,-0.964523,0.21356,-0.962683,-0.0991496,0.251818
1685105479,750797802,16.6837,13.4747,-192.762,-0.220242,-0.243601,-0.944538,0.155785,-0.96467,0.212468,-0.962925,-0.10035,0.25041
1685105479,775846908,16.7629,14.064,-192.441,-0.218529,-0.24023,-0.945799,0.157085,-0.965244,0.208874,-0.963104,-0.102926,0.248672
1685105479,800749288,16.9529,14.2106,-192.155,-0.216939,-0.237654,-0.946816,0.158711,-0.965595,0.206003,-0.963198,-0.10558,0.247196
1685105479,825720247,16.8117,14.4038,-191.923,-0.218569,-0.234656,-0.947188,0.161607,-0.965957,0.202014,-0.962347,-0.108918,0.249053
1685105479,850739613,16.7407,14.4861,-191.812,-0.213888,-0.232772,-0.948721,0.15997,-0.96643,0.201052,-0.963672,-0.108764,0.243947
1685105479,875752633,16.6259,14.9358,-191.598,-0.214059,-0.22901,-0.949596,0.160368,-0.967178,0.1971,-0.963567,-0.110094,0.243759
1685105479,900712901,16.666,15.2051,-191.436,-0.214138,-0.226544,-0.95017,0.163356,-0.967341,0.193823,-0.963047,-0.113711,0.244152
1685105479,925707363,16.8582,15.1391,-191.099,-0.211587,-0.224339,-0.951264,0.163364,-0.967725,0.191885,-0.963609,-0.114802,0.241407
1685105479,950830546,16.7272,15.4033,-190.943,-0.20939,-0.224272,-0.951766,0.164452,-0.967555,0.191813,-0.963905,-0.116356,0.23948
1685105479,975755562,16.5308,16.0698,-190.855,-0.208825,-0.22006,-0.952873,0.165719,-0.968225,0.187288,-0.963811,-0.118798,0.238659
1685105480,697819,16.7196,16.2442,-190.458,-0.206707,-0.217074,-0.954018,0.167123,-0.968581,0.184177,-0.964024,-0.121368,0.23649
1685105480,25686317,16.7848,16.2715,-190.251,-0.206053,-0.215496,-0.954517,0.169761,-0.968531,0.182014,-0.963703,-0.124535,0.236151
1685105480,50726221,16.6868,16.4122,-190.207,-0.202409,-0.21301,-0.955855,0.168592,-0.969064,0.180253,-0.96468,-0.124664,0.232061
1685105480,75704575,16.4454,16.9573,-190.121,-0.201671,-0.209919,-0.956694,0.169218,-0.969543,0.177067,-0.964725,-0.12618,0.231051
1685105480,100673442,16.3694,17.5038,-190.013,-0.20347,-0.206025,-0.95716,0.173644,-0.969705,0.171812,-0.96356,-0.131246,0.233082
1685105480,125681771,16.613,17.4097,-189.521,-0.201312,-0.204012,-0.958046,0.173904,-0.969976,0.17001,-0.963966,-0.132382,0.230746
1685105480,149696919,16.5249,17.4276,-189.336,-0.198376,-0.204099,-0.95864,0.174877,-0.969754,0.170277,-0.964399,-0.133865,0.228068
1685105480,174733691,16.3321,17.9302,-189.379,-0.196909,-0.199532,-0.959904,0.174996,-0.970502,0.165838,-0.964679,-0.135324,0.226019
1685105480,199760240,16.367,18.2662,-189.091,-0.196625,-0.196412,-0.960604,0.176507,-0.970815,0.162371,-0.96446,-0.137627,0.225554
1685105480,224702899,16.4966,18.3277,-188.832,-0.195524,-0.195154,-0.961085,0.17918,-0.970613,0.160636,-0.964191,-0.140799,0.224746
1685105480,249686987,16.539,18.5296,-188.745,-0.191896,-0.192937,-0.962264,0.179047,-0.970913,0.158966,-0.964945,-0.141786,0.22086
1685105480,274724433,16.2733,18.9706,-188.596,-0.191405,-0.189711,-0.963002,0.179703,-0.971331,0.155634,-0.96492,-0.143266,0.220009
1685105480,299678953,16.1232,19.4219,-188.365,-0.192392,-0.186895,-0.963357,0.182968,-0.971313,0.151898,-0.964111,-0.147039,0.22107
1685105480,324714097,16.3244,19.5322,-187.981,-0.190113,-0.185239,-0.964129,0.185113,-0.971188,0.150093,-0.964153,-0.149938,0.218925
1685105480,349687280,16.4016,19.6593,-187.717,-0.186642,-0.184008,-0.965041,0.184673,-0.971363,0.149497,-0.964915,-0.150314,0.215278
1685105480,374661088,16.3024,20.0429,-187.683,-0.185505,-0.180003,-0.966016,0.183949,-0.972062,0.145805,-0.965273,-0.15065,0.213435
1685105480,399746434,16.2824,20.345,-187.626,-0.186092,-0.176518,-0.966546,0.186131,-0.97225,0.141723,-0.964741,-0.153531,0.213783
1685105480,424676007,16.3488,20.426,-187.497,-0.185017,-0.17511,-0.967009,0.188669,-0.972022,0.13992,-0.964455,-0.156557,0.212879
1685105480,449654502,16.5055,20.5863,-187.383,-0.181375,-0.172343,-0.968195,0.187699,-0.972492,0.137945,-0.965336,-0.156709,0.208735
1685105480,474780054,16.3946,20.9309,-187.237,-0.180159,-0.169801,-0.968871,0.188179,-0.972744,0.135488,-0.96547,-0.157912,0.207203
1685105480,499676352,16.313,21.2683,-187.172,-0.180586,-0.166724,-0.969326,0.191695,-0.972595,0.131573,-0.964699,-0.162054,0.207599
1685105480,524637449,16.3979,21.4587,-186.843,-0.180217,-0.164381,-0.969794,0.194015,-0.972508,0.128787,-0.964303,-0.164945,0.207155
1685105480,549623524,16.3813,21.5993,-186.597,-0.177577,-0.16433,-0.97029,0.195358,-0.972224,0.128904,-0.964522,-0.166664,0.204748
1685105480,574649867,16.3641,22.0141,-186.575,-0.175928,-0.158845,-0.971502,0.19477,-0.973002,0.12382,-0.964942,-0.167437,0.202116
1685105480,599682364,16.3299,22.2491,-186.294,-0.175248,-0.155698,-0.972135,0.195832,-0.973198,0.120565,-0.964851,-0.169246,0.201042
1685105480,624663548,16.2062,22.4686,-186.063,-0.17606,-0.155214,-0.972066,0.199808,-0.972569,0.119106,-0.963888,-0.173257,0.202244
1685105480,649667601,16.2917,22.6024,-186.066,-0.173285,-0.152807,-0.972944,0.199603,-0.972838,0.11724,-0.964432,-0.173887,0.199077
1685105480,674709526,16.2389,22.866,-186.002,-0.171279,-0.150022,-0.973735,0.200745,-0.972919,0.114585,-0.964556,-0.175846,0.19676
1685105480,699705630,16.0999,23.3239,-185.763,-0.172253,-0.146436,-0.974107,0.203251,-0.972893,0.110312,-0.963855,-0.178987,0.197346
1685105480,724638713,16.1175,23.534,-185.411,-0.171192,-0.145314,-0.974463,0.204064,-0.972845,0.109223,-0.963874,-0.180154,0.196199
1685105480,749673673,16.1402,23.7426,-185.203,-0.169772,-0.144836,-0.974783,0.205977,-0.972509,0.108624,-0.963718,-0.182341,0.19494
1685105480,774611138,16.2077,24.059,-185.208,-0.167796,-0.141124,-0.975668,0.206397,-0.972795,0.105212,-0.963974,-0.18372,0.192359
1685105480,799696785,16.2916,24.2736,-185.072,-0.166389,-0.138063,-0.976348,0.207131,-0.972952,0.102283,-0.964061,-0.185212,0.190487
1685105480,824598291,16.1042,24.4925,-184.879,-0.166678,-0.137401,-0.976392,0.209755,-0.972518,0.101049,-0.963443,-0.18796,0.190919
1685105480,849622712,16.159,24.6068,-184.698,-0.164199,-0.135021,-0.977143,0.209862,-0.972692,0.0991408,-0.963845,-0.188786,0.188051
1685105480,874593792,16.2805,24.7735,-184.653,-0.162613,-0.131887,-0.977836,0.210519,-0.972844,0.0962047,-0.963971,-0.190209,0.185964
1685105480,899614475,16.0985,25.1021,-184.673,-0.163151,-0.129454,-0.978073,0.213407,-0.972515,0.0931206,-0.963246,-0.193534,0.186297
1685105480,924604726,16.0283,25.276,-184.385,-0.162832,-0.127565,-0.978373,0.214691,-0.972428,0.0910583,-0.963013,-0.19522,0.18573
1685105480,949606626,16.0867,25.3724,-184.258,-0.160744,-0.126877,-0.978807,0.216256,-0.972133,0.090497,-0.963013,-0.197126,0.183703
1685105480,974542611,16.1999,25.7436,-184.326,-0.159414,-0.122101,-0.979631,0.217086,-0.972368,0.0858698,-0.963047,-0.198976,0.181514
1685105480,999537080,16.2385,25.9806,-184.101,-0.158027,-0.118941,-0.980245,0.216858,-0.972663,0.0830609,-0.963328,-0.199448,0.179502
1685105481,24555781,16.0788,26.158,-183.982,-0.158164,-0.118082,-0.980328,0.219295,-0.97223,0.0817254,-0.962754,-0.202054,0.179669
1685105481,49602450,16.1945,26.3925,-183.789,-0.15679,-0.115369,-0.98087,0.220146,-0.972249,0.0791647,-0.962783,-0.203523,0.177836
1685105481,74569834,16.3023,26.6486,-183.675,-0.154424,-0.113814,-0.981428,0.221242,-0.972101,0.0779206,-0.962915,-0.2051,0.175297
1685105481,99569424,16.1246,27.0416,-183.723,-0.1552,-0.111134,-0.981612,0.224249,-0.971676,0.074554,-0.962094,-0.208554,0.175725
1685105481,124560024,16.0511,27.2637,-183.51,-0.154592,-0.109249,-0.98192,0.22627,-0.971366,0.0724516,-0.961719,-0.210978,0.174886
1685105481,149538463,16.1132,27.2968,-183.325,-0.15311,-0.107192,-0.982378,0.227081,-0.971314,0.0705926,-0.961764,-0.212271,0.173058
1685105481,174611216,16.1359,27.5933,-183.303,-0.151548,-0.103434,-0.983024,0.227599,-0.971438,0.067127,-0.961891,-0.213562,0.170764
1685105481,199535241,15.9604,27.943,-183.076,-0.152695,-0.102609,-0.982932,0.229788,-0.971023,0.0656692,-0.961187,-0.215839,0.171848
1685105481,224566344,15.9055,28.0414,-182.931,-0.152616,-0.102095,-0.982999,0.232613,-0.970417,0.0646737,-0.960521,-0.218788,0.171851
1685105481,249487749,16.0585,28.1351,-182.833,-0.149992,-0.100081,-0.98361,0.232982,-0.970425,0.0632111,-0.960846,-0.219682,0.168876
1685105481,274494899,16.0632,28.3917,-182.832,-0.148003,-0.0971187,-0.984206,0.233036,-0.97057,0.0607296,-0.961139,-0.220367,0.166278
1685105481,299523156,15.8581,28.8001,-182.744,-0.148633,-0.0954359,-0.984277,0.235264,-0.970167,0.0585409,-0.9605,-0.222864,0.166653
1685105481,324483338,15.8437,29.0407,-182.414,-0.149109,-0.0951754,-0.98423,0.237133,-0.969753,0.0578504,-0.959966,-0.224767,0.167167
1685105481,349504231,15.984,29.0717,-182.243,-0.147904,-0.0943962,-0.984486,0.239255,-0.969283,0.0569939,-0.959626,-0.227113,0.165946
1685105481,374478112,15.9974,29.3041,-182.376,-0.146289,-0.0908428,-0.985062,0.238999,-0.969522,0.0539167,-0.959937,-0.227541,0.163541
1685105481,399489813,15.8166,29.6391,-182.364,-0.147195,-0.0883701,-0.985151,0.240063,-0.969412,0.0510896,-0.959532,-0.228979,0.163905
1685105481,424457873,15.838,29.7612,-182.244,-0.146518,-0.0879882,-0.985287,0.242955,-0.968728,0.0503806,-0.958909,-0.231999,0.163314
1685105481,449454405,16.0106,29.9247,-182.072,-0.145065,-0.0858341,-0.985691,0.243524,-0.968681,0.0485133,-0.958985,-0.233002,0.161423
1685105481,474489620,15.9395,30.1537,-182.04,-0.144762,-0.0844703,-0.985855,0.244873,-0.968414,0.047019,-0.958688,-0.234603,0.160875
1685105481,499455610,15.7401,30.4091,-182.098,-0.145623,-0.0826559,-0.985881,0.247843,-0.967776,0.0445296,-0.957792,-0.23786,0.161415
1685105481,524489988,15.8164,30.5247,-181.939,-0.144686,-0.0805123,-0.986197,0.24831,-0.967744,0.042576,-0.957814,-0.238723,0.160011
1685105481,549414064,15.8756,30.6313,-181.822,-0.14331,-0.0796647,-0.986466,0.249927,-0.967361,0.0418135,-0.9576,-0.240553,0.158541
1685105481,574405903,15.8895,30.9098,-181.721,-0.142006,-0.0766903,-0.98689,0.249373,-0.967609,0.0393092,-0.957939,-0.240522,0.15653
1685105481,599445483,15.8276,31.1317,-181.584,-0.142595,-0.0756842,-0.986883,0.252244,-0.966929,0.037707,-0.957099,-0.243559,0.15697
1685105481,624441505,15.7098,31.3785,-181.555,-0.143369,-0.0751352,-0.986813,0.255154,-0.966211,0.0364967,-0.956213,-0.246556,0.157696
1685105481,649464830,15.8644,31.533,-181.551,-0.140636,-0.0730975,-0.987359,0.254636,-0.966393,0.0352758,-0.956756,-0.246456,0.154523
1685105481,674422190,15.9158,31.7944,-181.597,-0.140027,-0.0706923,-0.98762,0.256309,-0.966038,0.0328075,-0.956398,-0.248542,0.15339
1685105481,698500648,15.7964,32.1166,-181.666,-0.140794,-0.0690482,-0.987629,0.258157,-0.965615,0.0307065,-0.95579,-0.250639,0.153781
1685105481,723572976,15.7571,32.287,-181.515,-0.140813,-0.068506,-0.987663,0.259783,-0.965204,0.0299104,-0.955345,-0.252367,0.153709
1685105481,748491782,15.7572,32.4607,-181.381,-0.140131,-0.0678898,-0.987802,0.26145,-0.964775,0.0292175,-0.95499,-0.254167,0.152944
1685105481,773481629,15.7723,32.73,-181.317,-0.139104,-0.0655061,-0.98811,0.261723,-0.964762,0.0271134,-0.955067,-0.254839,0.151349
1685105481,798464496,15.8022,32.8631,-181.238,-0.138583,-0.0646651,-0.988238,0.262819,-0.964488,0.0262553,-0.954841,-0.256089,0.150657
1685105481,823545434,15.6687,33.0522,-181.204,-0.139295,-0.0636527,-0.988204,0.265414,-0.963819,0.0246697,-0.95402,-0.258846,0.151152
1685105481,848554588,15.6508,33.1994,-181.026,-0.138455,-0.0620105,-0.988426,0.266016,-0.963689,0.0231959,-0.953974,-0.259726,0.149925
1685105481,873445434,15.6514,33.3315,-180.984,-0.138503,-0.0614065,-0.988457,0.266945,-0.96345,0.0224484,-0.953708,-0.260754,0.149834
1685105481,898495094,15.6033,33.5473,-181.155,-0.137849,-0.0608609,-0.988582,0.269217,-0.962834,0.0217358,-0.953164,-0.263147,0.149112
1685105481,923452130,15.623,33.7296,-181.099,-0.137269,-0.058625,-0.988797,0.268906,-0.962964,0.0197627,-0.953335,-0.26318,0.14795
1685105481,948461683,15.6349,33.892,-181.017,-0.137343,-0.0580462,-0.988821,0.270266,-0.962599,0.0189682,-0.952939,-0.264639,0.147893
1685105481,973502246,15.6894,33.3794,-181.135,-0.137901,-0.0611866,-0.988555,0.266857,-0.963476,0.0224084,-0.953819,-0.260712,0.149193
1685105481,998400700,15.6823,33.5527,-181.107,-0.137725,-0.0601219,-0.988644,0.268207,-0.963128,0.0212073,-0.953465,-0.26224,0.14877
1685105482,23436820,15.6553,33.7352,-181.08,-0.137619,-0.0591204,-0.98872,0.269658,-0.962748,0.0200336,-0.953072,-0.263859,0.148437
1685105482,48462625,15.6426,33.9289,-181.045,-0.137444,-0.057915,-0.988814,0.270789,-0.962456,0.018732,-0.952776,-0.265186,0.147965
1685105482,73426759,15.6384,34.1037,-181.013,-0.137291,-0.0568574,-0.988898,0.271875,-0.962172,0.0175758,-0.952489,-0.266443,0.147556
1685105482,98456917,15.6211,34.2813,-181.005,-0.137192,-0.0559267,-0.988964,0.273283,-0.961792,0.0164798,-0.9521,-0.268006,0.147233
1685105482,123498396,15.6051,34.4552,-180.99,-0.137137,-0.0548649,-0.989032,0.274644,-0.961425,0.0152517,-0.951716,-0.26954,0.146916
1685105482,148407152,15.5918,34.6207,-180.955,-0.136975,-0.0538689,-0.989109,0.27573,-0.961131,0.0141613,-0.951426,-0.270787,0.146504
1685105482,173411346,15.5843,34.7902,-180.922,-0.136854,-0.0528582,-0.98918,0.276958,-0.960794,0.013024,-0.951087,-0.272179,0.146128
1685105482,198475564,15.5613,34.9679,-180.896,-0.136916,-0.0519305,-0.98922,0.27834,-0.960409,0.0118936,-0.950674,-0.273711,0.145949
1685105482,223428828,15.5323,35.1438,-180.878,-0.136924,-0.051142,-0.989261,0.279771,-0.960005,0.0109063,-0.950253,-0.275273,0.145756
1685105482,248365097,15.5144,35.3271,-180.858,-0.136841,-0.0501036,-0.989325,0.280929,-0.959679,0.00974476,-0.949923,-0.276597,0.145399
1685105482,273375047,15.497,35.4876,-180.838,-0.136821,-0.0492839,-0.98937,0.282157,-0.959328,0.0087676,-0.949563,-0.277957,0.145164
1685105482,298368078,15.4806,35.249,-180.477,-0.137824,-0.0484582,-0.989272,0.284842,-0.958547,0.00726888,-0.948616,-0.280784,0.145917
1685105482,323401772,15.4623,35.4515,-180.448,-0.138146,-0.0474582,-0.989274,0.286333,-0.958111,0.00597841,-0.948119,-0.282436,0.145949
1685105482,348364502,15.4312,35.6502,-180.413,-0.13862,-0.0471581,-0.989222,0.288435,-0.957485,0.00522663,-0.947412,-0.284602,0.146329
1685105482,373469632,15.4391,36.2252,-180.82,-0.136656,-0.0464827,-0.989527,0.286894,-0.957947,0.00537852,-0.948165,-0.283154,0.144245
1685105482,398460021,15.4265,36.4043,-180.832,-0.136786,-0.0459868,-0.989533,0.288102,-0.957588,0.00467698,-0.94778,-0.284447,0.144234
1685105482,423379558,15.3983,36.5879,-180.846,-0.137021,-0.0456721,-0.989515,0.289459,-0.957182,0.00409743,-0.947333,-0.285863,0.144375
1685105482,448317037,15.3848,36.7562,-180.868,-0.137124,-0.0451522,-0.989525,0.290533,-0.956859,0.00340092,-0.946989,-0.287023,0.144326
1685105482,473344595,15.3708,37.5813,-181.38,-0.136645,-0.0439048,-0.989647,0.293457,-0.955971,0.00189172,-0.946157,-0.29016,0.143514
1685105482,498320211,15.3586,37.7244,-181.488,-0.136433,-0.0437971,-0.989681,0.295116,-0.95546,0.00159934,-0.945671,-0.291852,0.143281
1685105482,523367431,15.2724,37.6418,-181.254,-0.138898,-0.0443449,-0.989314,0.298751,-0.954331,0.000832673,-0.94417,-0.295443,0.145804
1685105482,548342000,15.2268,37.7689,-181.317,-0.139452,-0.0436941,-0.989265,0.29936,-0.95414,-5.69403e-05,-0.943895,-0.296154,0.146139
1685105482,573385395,15.2524,37.8735,-181.381,-0.138436,-0.0419753,-0.989482,0.300062,-0.953919,-0.00151468,-0.943822,-0.297116,0.144654
1685105482,598408617,15.1425,38.0464,-181.307,-0.140443,-0.0424288,-0.98918,0.301769,-0.953379,-0.00195191,-0.942981,-0.298778,0.146701
1685105482,623405352,15.0786,38.1683,-181.459,-0.140279,-0.0429693,-0.989179,0.303541,-0.952817,-0.00165645,-0.942436,-0.300488,0.146703
1685105482,648311321,15.1582,38.3064,-181.456,-0.139478,-0.0419374,-0.989337,0.304607,-0.952475,-0.00256928,-0.942211,-0.301717,0.145625
1685105482,673335797,15.2058,38.6316,-181.85,-0.138644,-0.0411752,-0.989485,0.302627,-0.953105,-0.00274156,-0.94297,-0.299825,0.1446
1685105482,698295097,15.1958,38.7519,-181.894,-0.138358,-0.0411483,-0.989527,0.304303,-0.952571,-0.00293698,-0.942473,-0.301523,0.144317
1685105482,723308648,15.1815,38.8443,-181.924,-0.139043,-0.0415592,-0.989414,0.304451,-0.952524,-0.00277521,-0.942325,-0.301614,0.145096
1685105482,748292912,15.1502,38.9712,-181.993,-0.139488,-0.0416489,-0.989347,0.304936,-0.952369,-0.00290055,-0.942103,-0.302092,0.145544
