ROS Seconds,ROS Nanoseconds,X,Y,Z,Rx0,Rx1,Rx2,Ry0,Ry1,Ry2,Rz0,Rz1,Rz2
1685629174,798309529,1.12691,1.70742,-139.874,-0.978499,0.146856,0.144819,-0.167514,-0.975499,-0.142622,0.120326,-0.163814,0.979129
1685629174,823273598,1.1259,1.70578,-139.872,-0.978499,0.146854,0.144824,-0.167511,-0.975501,-0.142611,0.120333,-0.163804,0.979128
1685629174,848258766,1.12511,1.70629,-139.874,-0.978497,0.146858,0.144832,-0.167517,-0.9755,-0.142611,0.12034,-0.163806,0.979125
1685629174,873226599,1.12558,1.70736,-139.876,-0.978499,0.146851,0.144829,-0.167513,-0.975496,-0.142642,0.120333,-0.163836,0.979124
1685629174,898195924,1.12551,1.70658,-139.875,-0.978498,0.146854,0.144831,-0.167515,-0.975497,-0.142635,0.120335,-0.163829,0.979124
1685629174,923188792,1.12488,1.70714,-139.876,-0.978497,0.146857,0.144835,-0.16752,-0.975495,-0.142645,0.120338,-0.16384,0.979121
1685629174,948252421,1.12374,1.70778,-139.876,-0.978496,0.146856,0.144842,-0.167521,-0.975494,-0.142649,0.120343,-0.163845,0.979121
1685629174,973216511,1.1232,1.70807,-139.877,-0.978495,0.146851,0.14485,-0.167517,-0.975496,-0.14264,0.120354,-0.163837,0.97912
1685629174,998277338,1.12389,1.70729,-139.878,-0.978497,0.146849,0.144844,-0.167512,-0.975499,-0.142627,0.120351,-0.163823,0.979124
1685629175,23200853,1.12465,1.70765,-139.879,-0.978498,0.146845,0.144838,-0.167506,-0.9755,-0.142626,0.120346,-0.163821,0.979123
1685629175,48285177,1.12595,1.7093,-139.881,-0.9785,0.146843,0.144825,-0.167507,-0.975494,-0.142663,0.120327,-0.163855,0.979119
1685629175,73286143,1.12517,1.71211,-139.882,-0.9785,0.146834,0.144838,-0.167504,-0.97549,-0.142694,0.120336,-0.163887,0.979114
1685629175,98222451,1.12484,1.7131,-139.883,-0.9785,0.146831,0.144838,-0.167503,-0.975487,-0.142714,0.120333,-0.163906,0.97911
1685629175,123223301,1.12542,1.71275,-139.882,-0.978499,0.14684,0.144834,-0.16751,-0.975488,-0.1427,0.12033,-0.163893,0.979111
1685629175,148217208,1.12488,1.71266,-139.883,-0.978498,0.14684,0.14484,-0.167511,-0.975488,-0.142701,0.120336,-0.163895,0.979111
1685629175,173199453,1.12537,1.71452,-139.885,-0.9785,0.146834,0.144837,-0.167509,-0.975483,-0.142738,0.120327,-0.16393,0.979107
1685629175,198163896,1.12549,1.71451,-139.885,-0.9785,0.146832,0.144839,-0.167511,-0.975479,-0.142765,0.120325,-0.163957,0.979103
1685629175,223133041,1.12628,1.71677,-139.886,-0.978502,0.146828,0.14483,-0.167506,-0.975478,-0.142774,0.120316,-0.163965,0.979102
1685629175,248153049,1.12563,1.7171,-139.885,-0.978501,0.146828,0.144833,-0.167507,-0.975478,-0.142775,0.120318,-0.163966,0.979102
1685629175,273166967,1.12519,1.71712,-139.885,-0.9785,0.146834,0.144836,-0.167513,-0.975477,-0.142772,0.12032,-0.163965,0.979103
1685629175,298181451,1.12292,1.71641,-139.885,-0.978497,0.146835,0.144852,-0.167513,-0.975481,-0.142743,0.120341,-0.163938,0.979103
1685629175,323094026,1.12476,1.71669,-139.886,-0.9785,0.14684,0.144831,-0.167515,-0.975481,-0.142746,0.120319,-0.163938,0.979108
1685629175,348093194,1.12477,1.71581,-139.886,-0.978499,0.146844,0.144834,-0.167519,-0.97548,-0.142743,0.120322,-0.163937,0.979108
1685629175,373120379,1.12393,1.71497,-139.886,-0.978498,0.146844,0.144837,-0.167517,-0.975484,-0.142723,0.120328,-0.163917,0.979108
1685629175,398093918,1.12352,1.71351,-139.885,-0.9785,0.146838,0.144835,-0.167508,-0.975489,-0.142697,0.120332,-0.16389,0.979115
1685629175,423122133,1.12411,1.71293,-139.886,-0.978498,0.146851,0.14483,-0.167519,-0.975489,-0.142686,0.120326,-0.16388,0.979117
1685629175,448113576,1.12455,1.71171,-139.886,-0.978499,0.146855,0.144824,-0.167521,-0.975489,-0.142681,0.120321,-0.163874,0.979117
1685629175,473060456,1.12401,1.71169,-139.886,-0.978498,0.146853,0.144831,-0.167521,-0.975488,-0.142688,0.120326,-0.163882,0.979113
1685629175,498068781,1.1226,1.7125,-139.886,-0.978497,0.14685,0.14484,-0.167517,-0.975491,-0.142673,0.120338,-0.163869,0.979116
1685629175,523088809,1.12214,1.71131,-139.886,-0.978496,0.146857,0.144841,-0.167522,-0.975493,-0.142651,0.120342,-0.163848,0.979117
1685629175,548078263,1.12326,1.71254,-139.886,-0.978497,0.146857,0.144833,-0.167522,-0.975491,-0.142667,0.120332,-0.163862,0.979117
1685629175,573103695,1.12262,1.71152,-139.886,-0.978496,0.146858,0.144835,-0.167523,-0.975492,-0.142655,0.120336,-0.163851,0.979118
1685629175,598072555,1.12248,1.71435,-139.889,-0.978496,0.146856,0.144839,-0.167526,-0.975486,-0.142693,0.120333,-0.163889,0.979114
1685629175,623147875,1.12191,1.71334,-139.889,-0.978496,0.146858,0.144837,-0.167528,-0.975486,-0.142691,0.120332,-0.163887,0.979114
1685629175,648048571,1.1209,1.71356,-139.889,-0.978493,0.14687,0.14485,-0.167543,-0.975482,-0.142703,0.12034,-0.163902,0.979112
1685629175,673051698,1.12001,1.71353,-139.89,-0.978493,0.146867,0.144853,-0.167541,-0.975483,-0.142701,0.120343,-0.163901,0.979112
1685629175,698045498,1.11897,1.71407,-139.891,-0.97849,0.146876,0.144861,-0.16755,-0.975481,-0.142703,0.12035,-0.163905,0.979109
1685629175,723054942,1.11947,1.71388,-139.891,-0.97849,0.146882,0.144853,-0.167555,-0.97548,-0.1427,0.120341,-0.163901,0.97911
1685629175,748023947,1.12012,1.71567,-139.894,-0.978489,0.146889,0.144853,-0.167567,-0.975473,-0.142739,0.120334,-0.163941,0.979104
1685629175,773081463,1.12126,1.71876,-139.895,-0.978491,0.146883,0.144847,-0.167564,-0.975469,-0.14277,0.120323,-0.16397,0.979099
1685629175,797992128,1.1191,1.71843,-139.896,-0.978488,0.146889,0.144864,-0.167572,-0.975468,-0.142766,0.120339,-0.16397,0.9791
1685629175,823031217,1.11775,1.71823,-139.896,-0.978484,0.1469,0.144876,-0.167583,-0.975468,-0.142751,0.120351,-0.163958,0.979098
1685629175,848038846,1.11756,1.71581,-139.893,-0.978483,0.146907,0.144876,-0.167586,-0.975472,-0.142723,0.120356,-0.163931,0.979103
1685629175,873044241,1.11672,1.71673,-139.894,-0.978481,0.146906,0.144888,-0.167589,-0.97547,-0.14273,0.120366,-0.163941,0.979099
1685629175,898029342,1.11595,1.71719,-139.895,-0.978481,0.146902,0.144899,-0.167587,-0.975469,-0.142738,0.120376,-0.163949,0.979099
1685629175,922973792,1.00315,2.18732,-140.086,-0.978728,0.145448,0.144693,-0.166491,-0.975189,-0.145901,0.119882,-0.166887,0.978663
1685629175,947968678,0.719497,3.15697,-139.915,-0.978954,0.14547,0.143134,-0.166211,-0.975284,-0.145587,0.118418,-0.166313,0.978938
1685629175,972981755,0.434937,4.04942,-139.658,-0.979139,0.146189,0.14112,-0.166464,-0.975394,-0.144557,0.116515,-0.165033,0.979382
1685629175,997983130,0.0637336,4.58226,-139.174,-0.979005,0.149104,0.138987,-0.168408,-0.975809,-0.139409,0.114838,-0.159889,0.980433
1685629176,22981324,-0.352158,5.15454,-138.817,-0.978717,0.152568,0.137247,-0.170993,-0.976072,-0.134329,0.113468,-0.154938,0.981387
1685629176,47969368,-0.727662,5.89585,-138.583,-0.978548,0.155068,0.135636,-0.172931,-0.976091,-0.131685,0.111973,-0.152315,0.981971
1685629176,72992786,-1.0711,6.67884,-138.409,-0.978399,0.157347,0.134083,-0.174774,-0.975989,-0.129999,0.110409,-0.150625,0.982407
1685629176,97937785,-1.36255,7.25478,-138.186,-0.978163,0.160156,0.132469,-0.177005,-0.975973,-0.127064,0.108936,-0.147737,0.983009
1685629176,122930822,-1.60519,7.87097,-137.933,-0.977881,0.163099,0.130951,-0.17933,-0.976,-0.123548,0.107658,-0.144298,0.983661
1685629176,147038107,-1.85955,8.52282,-137.633,-0.977738,0.165566,0.128903,-0.181182,-0.97602,-0.120655,0.105835,-0.141324,0.984291
1685629176,172947032,-2.20647,9.25346,-137.303,-0.977652,0.167695,0.126787,-0.182726,-0.976055,-0.118012,0.103961,-0.138542,0.984883
1685629176,197102303,-2.60029,9.94751,-136.977,-0.977371,0.170731,0.124888,-0.185045,-0.976128,-0.113718,0.102491,-0.134254,0.985631
1685629176,222960479,-2.85139,10.6996,-136.802,-0.977098,0.173269,0.123523,-0.187125,-0.976033,-0.111101,0.101312,-0.131671,0.986102
1685629176,247907860,-3.18068,11.5446,-136.614,-0.976866,0.175605,0.122049,-0.18904,-0.975912,-0.1089,0.0999855,-0.129453,0.986533
1685629176,272042033,-3.46725,12.367,-136.438,-0.976763,0.177436,0.120212,-0.190467,-0.975814,-0.107282,0.0982694,-0.127686,0.986934
1685629176,297904002,-3.68609,13.0406,-136.22,-0.976673,0.179354,0.118077,-0.191874,-0.975799,-0.104884,0.096408,-0.125094,0.987451
1685629176,321996881,-3.93669,13.6679,-136.011,-0.97647,0.181644,0.116244,-0.193629,-0.975784,-0.10175,0.0949467,-0.121864,0.987995
1685629176,347009425,-4.24206,14.3077,-135.836,-0.976194,0.184135,0.114631,-0.195615,-0.975718,-0.0985356,0.093704,-0.118613,0.988511
1685629176,372002809,-4.50964,15.0395,-135.675,-0.975989,0.186157,0.113097,-0.197249,-0.975607,-0.096354,0.0924012,-0.116349,0.988904
1685629176,396929077,-4.80685,15.7717,-135.51,-0.975714,0.188559,0.111482,-0.199204,-0.975482,-0.0935606,0.0911075,-0.113496,0.989354
1685629176,421938560,-5.06833,16.4152,-135.291,-0.975478,0.190863,0.109605,-0.200975,-0.975449,-0.0900455,0.0897275,-0.109865,0.989887
1685629176,446993638,-5.29711,17.1141,-135.104,-0.975274,0.192855,0.107923,-0.202536,-0.975375,-0.0873051,0.0884281,-0.107005,0.99032
1685629176,471976133,-5.52149,17.8424,-135,-0.975073,0.194686,0.106443,-0.204116,-0.975139,-0.0862613,0.0870033,-0.105838,0.99057
1685629176,496974122,-5.72048,18.5078,-134.891,-0.974787,0.196869,0.105037,-0.205985,-0.974912,-0.0843654,0.0857931,-0.103874,0.990883
1685629176,521913307,-5.93744,19.108,-134.785,-0.974435,0.199333,0.103651,-0.208091,-0.974678,-0.0818639,0.0847082,-0.10134,0.991239
1685629176,546955060,-6.15953,19.7337,-134.648,-0.97417,0.201375,0.102183,-0.209756,-0.974543,-0.0791698,0.0836391,-0.0985583,0.991613
1685629176,571929347,-6.3369,20.3858,-134.566,-0.973962,0.20319,0.100555,-0.211245,-0.974381,-0.0771796,0.0822969,-0.0964118,0.991935
1685629176,597017062,-6.48163,20.9815,-134.475,-0.973799,0.204931,0.0985872,-0.212699,-0.97416,-0.0759672,0.0804716,-0.094946,0.992225
1685629176,621978843,-6.65982,21.5214,-134.351,-0.973522,0.207092,0.0967831,-0.214461,-0.973992,-0.0731156,0.0791243,-0.0919359,0.992616
1685629176,646885302,-6.81563,22.0791,-134.238,-0.973221,0.209229,0.0952062,-0.216235,-0.973804,-0.070338,0.0779955,-0.0890413,0.992969
1685629176,671906610,-7.00787,22.6984,-134.143,-0.972944,0.21121,0.0936488,-0.217923,-0.973571,-0.0683305,0.0767417,-0.08689,0.993257
1685629176,697007871,-7.24804,23.3038,-134.011,-0.972565,0.213551,0.0922617,-0.219948,-0.973294,-0.0657453,0.0757578,-0.0842344,0.993563
1685629176,721927093,-7.42855,23.8914,-133.958,-0.972268,0.215525,0.0907964,-0.221626,-0.973066,-0.063433,0.0746796,-0.0817966,0.993849
1685629176,746953777,-7.62366,24.435,-133.862,-0.971967,0.217543,0.0891932,-0.223333,-0.972832,-0.0609922,0.0735016,-0.0792022,0.994146
1685629176,771946913,-7.78308,24.9322,-133.802,-0.971695,0.219398,0.0875994,-0.224939,-0.972567,-0.0592867,0.072189,-0.0773132,0.99439
1685629176,796895706,-7.94965,25.4401,-133.73,-0.971416,0.221257,0.0860013,-0.226555,-0.972295,-0.0575802,0.0708786,-0.0754184,0.994631
1685629176,821947584,-8.14424,25.9554,-133.617,-0.971136,0.223066,0.0844782,-0.228097,-0.972061,-0.0553951,0.0697612,-0.0730654,0.994884
1685629176,846978933,-8.31992,26.3782,-133.507,-0.970838,0.225044,0.0826348,-0.229753,-0.971824,-0.0526446,0.0684591,-0.070095,0.995189
1685629176,871918164,-8.45587,26.8802,-133.454,-0.970534,0.226867,0.0812102,-0.23135,-0.971547,-0.0507376,0.0673888,-0.0680305,0.995405
1685629176,896912683,-8.55989,27.4405,-133.45,-0.97022,0.228681,0.0798664,-0.232988,-0.971221,-0.0494523,0.0662591,-0.0665876,0.995578
1685629176,921841008,-8.74501,27.9625,-133.397,-0.969882,0.230547,0.0785973,-0.234656,-0.970908,-0.0477,0.0653137,-0.0647067,0.995766
1685629176,946876021,-8.88206,28.4694,-133.333,-0.969551,0.232414,0.0771635,-0.236277,-0.97063,-0.0452865,0.0643719,-0.0621395,0.995989
1685629176,971822952,-9.02244,28.9516,-133.313,-0.969205,0.234333,0.0756949,-0.237937,-0.970345,-0.0426296,0.0634606,-0.0593275,0.996221
1685629176,996862119,-9.1739,29.4146,-133.25,-0.968889,0.236121,0.0741693,-0.239515,-0.97004,-0.0406717,0.0623438,-0.057171,0.996415
1685629177,21806740,-9.30289,29.886,-133.207,-0.968549,0.237955,0.0727281,-0.241148,-0.969716,-0.0387056,0.0613154,-0.0550266,0.996601
1685629177,46814984,-9.42344,30.3541,-133.185,-0.968286,0.239426,0.0713932,-0.242459,-0.969446,-0.037253,0.0602926,-0.0533815,0.996753
1685629177,71846252,-9.53834,30.8502,-133.152,-0.967973,0.241144,0.0698401,-0.243993,-0.969127,-0.0354994,0.0591234,-0.051403,0.996926
1685629177,96764722,-9.65592,31.3408,-133.155,-0.967613,0.242958,0.068536,-0.245636,-0.968777,-0.0336808,0.058213,-0.0494249,0.997081
1685629177,121850803,-9.81214,31.7975,-133.074,-0.967271,0.244699,0.0671434,-0.247161,-0.968476,-0.0310854,0.0574202,-0.0466632,0.997257
1685629177,146778925,-9.97198,32.2885,-132.995,-0.966882,0.246605,0.0657597,-0.248857,-0.968122,-0.0284645,0.056644,-0.0438866,0.997428
1685629177,171858140,-10.0391,32.78,-132.984,-0.966575,0.248182,0.0643246,-0.250276,-0.967806,-0.026715,0.0556236,-0.0419209,0.997573
1685629177,196762188,-10.1558,33.246,-132.961,-0.966259,0.24982,0.0627236,-0.251736,-0.967482,-0.0246488,0.0545262,-0.0396068,0.997729
1685629177,221753518,-10.2316,33.7026,-132.951,-0.965907,0.251537,0.0612602,-0.253296,-0.967121,-0.0227527,0.0535229,-0.037494,0.997864
1685629177,246750038,-10.2602,34.1701,-132.974,-0.965562,0.253112,0.0601987,-0.254731,-0.966788,-0.0208114,0.0529317,-0.0354291,0.997971
1685629177,271749196,-10.3091,34.5246,-133.001,-0.965182,0.254846,0.05896,-0.256309,-0.966416,-0.0186086,0.0522376,-0.0330727,0.998088
1685629177,296773299,-10.373,34.8954,-133.043,-0.964751,0.25665,0.0581986,-0.258052,-0.965966,-0.0178869,0.0516272,-0.0322746,0.998146
1685629177,321723987,-10.4535,35.2341,-133.065,-0.964386,0.258251,0.0571446,-0.25955,-0.965589,-0.0164814,0.0509219,-0.0307263,0.99823
1685629177,346752078,-10.5357,35.5957,-133.071,-0.964078,0.259713,0.0557038,-0.260895,-0.965251,-0.0149727,0.0498796,-0.0289677,0.998336
1685629177,371764578,-10.6149,35.9247,-133.091,-0.963772,0.261176,0.0541349,-0.262231,-0.964914,-0.0132761,0.0487681,-0.0269909,0.998447
1685629177,396767552,-10.7007,36.2917,-133.122,-0.963405,0.262782,0.0528806,-0.263742,-0.964519,-0.0119465,0.047865,-0.0254562,0.998529
1685629177,421693079,-10.7996,36.6403,-133.141,-0.963057,0.264295,0.0516573,-0.265147,-0.964154,-0.0102647,0.0470926,-0.0235822,0.998614
1685629177,446687329,-10.8854,36.9596,-133.189,-0.962683,0.265872,0.0505323,-0.266618,-0.963765,-0.00852576,0.0464345,-0.0216804,0.998688
1685629177,471712665,-10.9485,37.2443,-133.21,-0.962324,0.267402,0.0492872,-0.268046,-0.963382,-0.00683821,0.0456539,-0.0197918,0.99876
1685629177,496724744,-11.0463,37.5343,-133.234,-0.961928,0.269024,0.04818,-0.269582,-0.962962,-0.00537347,0.0449499,-0.0181573,0.998827
1685629177,521676160,-11.1141,37.773,-133.266,-0.961569,0.270523,0.0469176,-0.270998,-0.962572,-0.00394649,0.0440939,-0.0165094,0.99889
1685629177,546789111,-11.1783,38.0336,-133.291,-0.961195,0.272,0.0460381,-0.272396,-0.962182,-0.00243972,0.0436335,-0.0148856,0.998938
1685629177,571712386,-11.1543,38.2839,-133.345,-0.960838,0.273478,0.0447119,-0.273777,-0.961793,-0.000579775,0.0428451,-0.0127982,0.998998
1685629177,596671475,-11.203,38.5301,-133.382,-0.960475,0.274917,0.043682,-0.275152,-0.961401,0.000662626,0.0421781,-0.0113827,0.999046
1685629177,621702636,-11.2506,38.7452,-133.385,-0.960147,0.276272,0.0423339,-0.276437,-0.96103,0.0020115,0.0412399,-0.00977131,0.999103
1685629177,646786274,-11.3179,38.9729,-133.385,-0.959834,0.277539,0.0411133,-0.277617,-0.960684,0.00392903,0.0405873,-0.00764251,0.999146
1685629177,670707116,-11.392,39.2573,-133.415,-0.959477,0.278883,0.0403496,-0.278927,-0.960301,0.00464268,0.0400425,-0.00680005,0.999174
1685629177,695709638,-11.4744,39.4981,-133.457,-0.959106,0.280262,0.0396146,-0.280262,-0.959907,0.00568324,0.0396191,-0.00565162,0.999196
1685629177,720777981,-11.5394,39.6812,-133.485,-0.958778,0.281521,0.0386195,-0.281454,-0.959547,0.00726644,0.0391029,-0.00390271,0.99923
1685629177,745700277,-11.5816,39.8683,-133.504,-0.958421,0.282871,0.0375957,-0.282739,-0.959156,0.00887942,0.0385719,-0.00211957,0.999253
1685629177,770838696,-11.573,40.0953,-133.57,-0.958067,0.284195,0.036617,-0.284015,-0.958766,0.0101168,0.0379822,-0.000707253,0.999277
1685629177,795712084,-11.5772,40.2611,-133.639,-0.957695,0.285587,0.035506,-0.285362,-0.958353,0.0113533,0.0372696,0.000740985,0.999307
1685629177,820659348,-11.5748,40.3908,-133.698,-0.95733,0.286955,0.0342847,-0.286678,-0.957941,0.0128492,0.0365299,0.00247225,0.999331
1685629177,845701666,-11.6307,40.5499,-133.697,-0.95695,0.288319,0.0334466,-0.287977,-0.957524,0.0147361,0.0362746,0.00446989,0.999332
1685629177,870707500,-11.6324,40.8037,-133.753,-0.956644,0.289443,0.0324682,-0.289083,-0.95718,0.0153896,0.0355324,0.00533638,0.999355
1685629177,895711663,-11.6838,41.0739,-133.8,-0.956315,0.290647,0.0314084,-0.290256,-0.956807,0.0164539,0.0348341,0.00661858,0.999371
1685629177,920701998,-11.6826,41.3075,-133.862,-0.955963,0.291882,0.0306493,-0.291455,-0.956421,0.0176832,0.034475,0.00797162,0.999373
1685629177,945706109,-11.7337,41.5443,-133.877,-0.955617,0.29308,0.0299944,-0.292611,-0.956041,0.0190712,0.0342652,0.00944806,0.999369
1685629177,970723847,-11.743,41.6993,-133.92,-0.95531,0.2942,0.0288048,-0.293696,-0.955679,0.0205147,0.0335636,0.0111381,0.999375
1685629177,995668289,-11.8079,41.9122,-133.987,-0.954984,0.295327,0.0280689,-0.294813,-0.955323,0.0210523,0.0330322,0.0118296,0.999384
1685629178,20663247,-11.8534,42.0312,-134.053,-0.954683,0.296419,0.0267541,-0.295852,-0.954952,0.0231976,0.0324251,0.0142311,0.999374
1685629178,45702723,-11.8712,42.1223,-134.142,-0.954324,0.297686,0.0254845,-0.297082,-0.954526,0.024963,0.0317568,0.0162518,0.999364
1685629178,70682299,-11.9943,42.2577,-134.155,-0.953974,0.298812,0.0253919,-0.298217,-0.954177,0.0247597,0.0316269,0.0160478,0.999372
1685629178,95657539,-12.096,42.443,-134.226,-0.953656,0.299831,0.0253336,-0.299241,-0.95386,0.0246214,0.031547,0.0158994,0.999376
1685629178,120660464,-12.1102,42.6011,-134.343,-0.953352,0.300839,0.0248173,-0.300222,-0.953522,0.0257544,0.0314118,0.0171023,0.999361
1685629178,145618686,-12.0583,42.6373,-134.434,-0.953015,0.301982,0.023851,-0.301342,-0.953132,0.0270709,0.0309081,0.0186117,0.999347
1685629178,170728195,-12.0366,42.6336,-134.473,-0.952683,0.303097,0.0229734,-0.302449,-0.952758,0.0278697,0.0303354,0.0196027,0.999348
1685629178,195635069,-11.9674,42.6821,-134.544,-0.952359,0.304159,0.0223404,-0.303512,-0.952409,0.0282444,0.029868,0.0201182,0.99935
1685629178,220648288,-11.9105,42.7577,-134.629,-0.952008,0.305304,0.021703,-0.304645,-0.952022,0.0290962,0.0295449,0.0210881,0.999343
1685629178,245645712,-11.8585,42.7648,-134.683,-0.951652,0.306462,0.0209635,-0.305771,-0.951609,0.0307203,0.0293637,0.022825,0.999308
1685629178,270580115,-11.8144,42.7539,-134.734,-0.951301,0.307595,0.0202792,-0.306893,-0.951217,0.0316727,0.0290322,0.0239067,0.999292
1685629178,295742070,-11.7402,42.7763,-134.829,-0.950977,0.308654,0.0193974,-0.307957,-0.950855,0.0322106,0.028386,0.024658,0.999292
1685629178,320578145,-11.6754,42.7673,-134.912,-0.950639,0.309753,0.0184222,-0.309045,-0.950458,0.0334867,0.0278821,0.0261405,0.999269
1685629178,345562551,-11.5843,42.7377,-135.033,-0.950308,0.310817,0.0175363,-0.310089,-0.95006,0.0350854,0.0275656,0.0279041,0.99923
1685629178,370701511,-11.6192,42.7281,-135.109,-0.949949,0.311906,0.0176578,-0.311155,-0.949687,0.0357459,0.0279187,0.0284625,0.999205
1685629178,395609606,-11.6714,42.7386,-135.19,-0.949679,0.31274,0.0174365,-0.31199,-0.949405,0.0359645,0.0278019,0.0287147,0.999202
1685629178,420581214,-11.6691,42.7351,-135.315,-0.949413,0.313577,0.0168616,-0.312828,-0.949108,0.0364961,0.0274479,0.0293751,0.99919
1685629178,445576903,-11.6485,42.7103,-135.418,-0.949144,0.314421,0.0162555,-0.313675,-0.948807,0.0370467,0.0270716,0.0300637,0.999182
1685629178,470573333,-11.5729,42.6625,-135.551,-0.948817,0.315436,0.0156823,-0.314693,-0.94845,0.0375523,0.0267192,0.0306951,0.999172
1685629178,495568712,-11.579,42.5534,-135.634,-0.948493,0.316422,0.0154106,-0.315667,-0.948096,0.0383249,0.0267375,0.0314863,0.999147
1685629178,520577367,-11.5462,42.4383,-135.703,-0.948181,0.317382,0.0148597,-0.316621,-0.947742,0.0391852,0.0265198,0.0324498,0.999124
1685629178,545521389,-11.5006,42.3058,-135.801,-0.947865,0.318354,0.0142129,-0.317597,-0.947389,0.039828,0.0261446,0.0332376,0.999103
1685629178,570517687,-11.4612,42.1516,-135.869,-0.947568,0.319252,0.0138691,-0.318491,-0.947065,0.040387,0.0260285,0.0338523,0.999089
1685629178,595496990,-11.4063,41.9839,-135.957,-0.947258,0.320182,0.013644,-0.319422,-0.946741,0.0406301,0.0259263,0.034129,0.999079
1685629178,620543842,-11.3247,41.7856,-136.05,-0.946967,0.321059,0.0132567,-0.320298,-0.946422,0.0411714,0.0257649,0.0347418,0.999064
1685629178,645489053,-11.2171,41.5665,-136.146,-0.946649,0.322015,0.0126978,-0.321256,-0.946068,0.0418281,0.0254822,0.0355173,0.999043
1685629178,670488821,-11.1587,41.3837,-136.226,-0.946309,0.323028,0.0123289,-0.322276,-0.945711,0.0420648,0.0252477,0.035833,0.999038
1685629178,695531499,-11.125,41.2385,-136.306,-0.946078,0.323712,0.0121178,-0.322966,-0.945473,0.0421132,0.0250896,0.0359287,0.999039
1685629178,720513623,-11.1169,41.1012,-136.408,-0.945794,0.324543,0.0120935,-0.323796,-0.945188,0.0421433,0.0251079,0.035943,0.99904
1685629178,745519189,-11.1251,40.8873,-136.458,-0.945543,0.325285,0.0117262,-0.324534,-0.944905,0.0428135,0.0250068,0.0366765,0.999014
1685629178,770464459,-11.1571,40.6044,-136.478,-0.945279,0.326069,0.0112209,-0.325338,-0.94463,0.0427725,0.0245464,0.0367814,0.999019
1685629178,795464026,-11.1807,40.3004,-136.483,-0.945037,0.326782,0.0108473,-0.326063,-0.944378,0.0428105,0.0242337,0.0369207,0.999027
1685629178,820450520,-11.2224,39.9825,-136.478,-0.944752,0.327618,0.0104803,-0.326894,-0.944057,0.0435513,0.0241621,0.0377192,0.998996
1685629178,845495836,-11.2196,39.6583,-136.487,-0.944526,0.328289,0.00980102,-0.327586,-0.943809,0.0437284,0.0236058,0.038092,0.998996
1685629178,870519009,-11.2659,39.3407,-136.49,-0.94427,0.329032,0.00959944,-0.328333,-0.943544,0.0438493,0.0234853,0.0382538,0.998991
1685629178,895428690,-11.3289,39.023,-136.479,-0.943993,0.329834,0.00929141,-0.329136,-0.943243,0.044303,0.0233767,0.0387636,0.998976
1685629178,920449488,-11.4216,38.7641,-136.491,-0.943781,0.330447,0.00910347,-0.329757,-0.943028,0.0442482,0.0232065,0.0387587,0.998979
1685629178,945467490,-11.4993,38.5453,-136.502,-0.943609,0.330947,0.00868445,-0.330278,-0.942857,0.0440031,0.0227509,0.0386535,0.998995
1685629178,970468049,-11.5627,38.3312,-136.522,-0.943393,0.331578,0.00812164,-0.33093,-0.942628,0.0440127,0.0222493,0.0388335,0.998999
1685629178,995419420,-11.6477,38.0602,-136.521,-0.943212,0.332104,0.00766171,-0.331465,-0.942421,0.044429,0.0219756,0.0393664,0.998982
1685629179,20481346,-11.7374,37.8161,-136.53,-0.94296,0.332819,0.0076553,-0.332176,-0.942164,0.0445661,0.022045,0.0394811,0.998977
1685629179,45427976,-11.7995,37.5323,-136.514,-0.942748,0.33342,0.00758101,-0.332775,-0.941941,0.0448109,0.0220817,0.0397226,0.998968
1685629179,70414700,-11.7804,37.2546,-136.579,-0.942594,0.333865,0.00720144,-0.333245,-0.9418,0.0442685,0.021562,0.0393273,0.998995
1685629179,95412279,-11.7974,36.9848,-136.625,-0.942353,0.334543,0.00717019,-0.333925,-0.94156,0.0442682,0.0215608,0.039322,0.998995
1685629179,120411412,-11.8421,36.7186,-136.641,-0.942152,0.335111,0.00710111,-0.334486,-0.941341,0.0446781,0.0216567,0.0397184,0.998976
1685629179,145495283,-11.8708,36.3888,-136.616,-0.94196,0.33566,0.00667738,-0.335042,-0.941124,0.045087,0.0214181,0.0402329,0.99896
1685629179,170473689,-11.8664,36.0977,-136.648,-0.941757,0.336237,0.00624557,-0.335642,-0.940922,0.0448339,0.0209514,0.0401263,0.998976
1685629179,195402278,-11.8774,35.8172,-136.66,-0.941557,0.336796,0.00624594,-0.336204,-0.940731,0.0446371,0.0209093,0.0399284,0.998983
1685629179,219465815,-11.8658,35.4867,-136.649,-0.941316,0.337472,0.00613516,-0.336879,-0.940477,0.0448971,0.0209215,0.0401956,0.998973
1685629179,244512831,-11.8716,35.1676,-136.63,-0.941123,0.338009,0.00610976,-0.337414,-0.94028,0.0450014,0.0209558,0.0402903,0.998969
1685629179,269496722,-11.8581,34.9275,-136.656,-0.940966,0.338451,0.00592075,-0.33787,-0.940133,0.0446409,0.020675,0.0400051,0.998987
1685629179,294516974,-11.8513,34.6554,-136.647,-0.940761,0.33902,0.00582833,-0.338443,-0.939928,0.0446169,0.0206042,0.0400013,0.998988
1685629179,320384292,-11.7694,34.3305,-136.661,-0.940555,0.339595,0.00564516,-0.339019,-0.939708,0.044894,0.0205506,0.0403115,0.998975
1685629179,344484228,-11.7149,33.9873,-136.636,-0.940349,0.340165,0.0055885,-0.339583,-0.939484,0.0453047,0.0206614,0.0407045,0.998956
1685629179,369461181,-11.6499,33.6791,-136.643,-0.940153,0.340706,0.00563682,-0.340124,-0.939295,0.04517,0.0206843,0.0405495,0.998963
1685629179,394535114,-11.5856,33.3873,-136.645,-0.93993,0.341316,0.00587617,-0.340736,-0.939101,0.0445927,0.0207385,0.0399118,0.998987
1685629179,419524178,-11.5095,33.0878,-136.657,-0.939768,0.341761,0.00587562,-0.341186,-0.938948,0.044369,0.0206805,0.0396919,0.998999
1685629179,444482874,-11.4465,32.7606,-136.644,-0.93959,0.342253,0.00575344,-0.341671,-0.938749,0.0448446,0.0207492,0.0401697,0.998977
1685629179,469356253,-11.3638,32.4347,-136.626,-0.939399,0.342783,0.00547238,-0.342202,-0.938531,0.0453636,0.0206859,0.0407419,0.998954
1685629179,494443277,-11.304,32.1172,-136.626,-0.939186,0.343364,0.00549421,-0.342779,-0.938313,0.0455174,0.0207843,0.040866,0.998949
1685629179,519370692,-11.2214,31.8105,-136.645,-0.938973,0.343944,0.00559175,-0.343361,-0.938116,0.0451841,0.0207865,0.0405067,0.998964
1685629179,544485485,-11.1824,31.5139,-136.629,-0.93882,0.34436,0.00575386,-0.343774,-0.937972,0.0450289,0.0209031,0.040296,0.99897
1685629179,569424241,-11.0994,31.2398,-136.629,-0.938635,0.344868,0.00553421,-0.344286,-0.937775,0.045213,0.0207824,0.0405331,0.998961
1685629179,594381881,-11.0628,30.9712,-136.63,-0.938461,0.34534,0.0055602,-0.34475,-0.937589,0.0455471,0.0209424,0.0408273,0.998948
1685629179,619396812,-11.0019,30.7313,-136.642,-0.938325,0.345711,0.00553944,-0.345122,-0.937455,0.0454752,0.0209143,0.0407587,0.998951
1685629179,644380742,-10.9582,30.5249,-136.641,-0.938201,0.346047,0.00557894,-0.345459,-0.937338,0.0453326,0.0209166,0.0406038,0.998957
1685629179,669334102,-10.9006,30.2963,-136.631,-0.938039,0.346485,0.00548974,-0.3459,-0.937174,0.0453709,0.0208652,0.0406607,0.998954
1685629179,694392809,-10.8574,30.0431,-136.618,-0.937883,0.346909,0.00550096,-0.346317,-0.937008,0.0456165,0.0209792,0.0408779,0.998944
1685629179,719379818,-10.7918,29.8388,-136.646,-0.937731,0.347319,0.0055242,-0.346733,-0.936869,0.0453134,0.0209137,0.0405764,0.998959
1685629179,744369286,-10.7534,29.6135,-136.631,-0.937601,0.347669,0.00557491,-0.34708,-0.936739,0.0453308,0.0209823,0.0405672,0.998958
1685629179,769373517,-10.6876,29.3581,-136.626,-0.937462,0.348047,0.00534886,-0.347462,-0.936587,0.045547,0.0208621,0.0408401,0.99895
1685629179,794301303,-10.6255,29.1062,-136.625,-0.937316,0.348438,0.00536653,-0.347857,-0.936451,0.045338,0.020823,0.0406292,0.998957
1685629179,819324995,-10.5677,28.8655,-136.629,-0.937196,0.348761,0.00537124,-0.348182,-0.936336,0.0452179,0.0207995,0.0405079,0.998964
1685629179,844323943,-10.5233,28.6432,-136.632,-0.937057,0.349137,0.00524523,-0.348558,-0.936185,0.045444,0.0207767,0.0407554,0.998954
1685629179,869325757,-10.4936,28.4196,-136.615,-0.936905,0.349546,0.00516174,-0.34896,-0.936011,0.0459416,0.0208902,0.0412417,0.998929
1685629179,894357791,-10.4508,28.1775,-136.614,-0.936732,0.350008,0.00532182,-0.349411,-0.935835,0.0461003,0.0211158,0.0413241,0.998923
1685629179,919398121,-10.3908,27.9361,-136.621,-0.936583,0.350405,0.00538484,-0.349812,-0.9357,0.0457866,0.0210825,0.0409993,0.998937
1685629179,944315275,-10.343,27.7271,-136.612,-0.936459,0.350737,0.00536218,-0.350147,-0.93558,0.0456863,0.0210406,0.0409058,0.998944
1685629179,969280217,-10.2978,27.558,-136.622,-0.936329,0.351085,0.00527951,-0.3505,-0.935453,0.04557,0.0209377,0.040818,0.998945
1685629179,994263071,-10.2653,27.3222,-136.609,-0.936209,0.351404,0.00520401,-0.350813,-0.935315,0.0459994,0.0210318,0.0412394,0.998927
1685629180,19310570,-10.2019,27.0513,-136.62,-0.936041,0.351853,0.00513344,-0.35126,-0.935138,0.0461952,0.0210544,0.0414374,0.998918
1685629180,44305210,-10.1525,26.8162,-136.621,-0.93589,0.352254,0.00522826,-0.35166,-0.934996,0.0460169,0.021098,0.0412281,0.998927
1685629180,69227457,-10.1143,26.6527,-136.626,-0.935795,0.352507,0.00517223,-0.351917,-0.934904,0.0459305,0.0210264,0.0411614,0.998932
1685629180,94224599,-10.0945,26.5233,-136.61,-0.935712,0.352726,0.00517731,-0.352135,-0.934818,0.0459994,0.0210651,0.0412191,0.998928
1685629180,119263974,-10.1625,26.8586,-136.64,-0.93586,0.352335,0.00509833,-0.351741,-0.934953,0.0462703,0.0210693,0.0415093,0.998918
1685629180,144227013,-10.118,26.6819,-136.636,-0.935759,0.352604,0.0050462,-0.352011,-0.934849,0.0463105,0.0210467,0.0415591,0.998914
1685629180,169216020,-10.0809,26.5098,-136.634,-0.935648,0.352899,0.00507767,-0.352306,-0.934742,0.0462267,0.0210597,0.041463,0.998919
1685629180,194221412,-10.0426,26.328,-136.631,-0.935528,0.353216,0.00502722,-0.352623,-0.934617,0.0463419,0.0210672,0.0415814,0.998913
1685629180,219234565,-9.95023,26.2777,-136.612,-0.935845,0.352402,0.00270543,-0.351828,-0.934707,0.0503994,0.0202896,0.0462141,0.998726
1685629180,244199330,-9.70919,26.9212,-136.689,-0.935002,0.354643,-0.000313325,-0.354099,-0.933519,0.0561814,0.0196318,0.0526406,0.998421
1685629180,269219752,-9.72724,26.3793,-136.513,-0.93452,0.355908,-0.00139505,-0.355372,-0.932881,0.0586907,0.0195871,0.0553434,0.998275
1685629180,294186698,-9.86619,26.4079,-136.644,-0.934214,0.356696,0.00346366,-0.356058,-0.933043,0.0515056,0.0216036,0.046884,0.998668
1685629180,319270150,-9.64193,26.2159,-136.734,-0.934505,0.355921,0.0044546,-0.355273,-0.933428,0.0499314,0.0219297,0.0450785,0.998742
1685629180,344190490,-9.40087,25.5091,-136.633,-0.934695,0.355439,0.00307629,-0.354777,-0.933418,0.0535202,0.0218946,0.0489336,0.998562
1685629180,369187758,-9.23127,24.9051,-136.658,-0.934444,0.356076,0.00495183,-0.355297,-0.933157,0.0546107,0.0240664,0.0492712,0.998493
1685629180,394189493,-9.24818,24.5155,-136.63,-0.934249,0.356535,0.00782767,-0.355626,-0.933057,0.0541689,0.0266168,0.0478236,0.998502
1685629180,419180836,-8.99334,24.3446,-136.655,-0.934659,0.35545,0.00827916,-0.354564,-0.933552,0.0525824,0.0264195,0.0462111,0.998582
1685629180,444174222,-8.69253,24.2788,-136.757,-0.935372,0.353554,0.00884667,-0.352672,-0.934328,0.0515067,0.0264761,0.045058,0.998633
1685629180,469183775,-8.64155,24.266,-136.829,-0.935473,0.353215,0.0114041,-0.352229,-0.934513,0.051192,0.0287391,0.0438719,0.998624
1685629180,494283521,-8.51503,24.0002,-136.856,-0.935573,0.352841,0.0143992,-0.351764,-0.934756,0.0499381,0.0310799,0.0416556,0.998649
1685629180,519228855,-8.27642,23.5435,-136.75,-0.936099,0.351414,0.0150709,-0.350313,-0.935304,0.0498674,0.03162,0.0414013,0.998644
1685629180,544126701,-7.923,23.1457,-136.84,-0.937028,0.348947,0.0146637,-0.347895,-0.936258,0.0488787,0.0307851,0.0406993,0.998698
1685629180,569150050,-7.53667,22.8555,-137.088,-0.937797,0.346836,0.0155665,-0.345796,-0.937113,0.0473801,0.0310207,0.0390501,0.998754
1685629180,594147069,-7.48309,22.5206,-137.183,-0.938132,0.345823,0.0177471,-0.344678,-0.937491,0.0480466,0.0332534,0.038957,0.998686
1685629180,619146234,-7.50015,22.2015,-137.035,-0.938553,0.344576,0.0196379,-0.343321,-0.937933,0.0491265,0.0353469,0.0393657,0.9986
1685629180,644142874,-7.26274,21.9049,-136.938,-0.939486,0.341998,0.0200959,-0.340718,-0.938869,0.0493617,0.0357491,0.0395276,0.998577
1685629180,669125056,-7.11369,21.8361,-137.063,-0.940164,0.339945,0.0229973,-0.338678,-0.939775,0.0460412,0.0372638,0.0354976,0.998675
1685629180,694090874,-7.00228,21.7208,-137.222,-0.940681,0.338253,0.0265564,-0.336997,-0.940538,0.0426697,0.0394105,0.0311892,0.998736
1685629180,719181819,-6.94395,21.3603,-137.167,-0.941038,0.337064,0.0289023,-0.33575,-0.940999,0.0423518,0.0414723,0.0301507,0.998683
1685629180,744130173,-6.74875,21.0607,-137.164,-0.941915,0.33452,0.0298569,-0.33321,-0.941936,0.0415512,0.0420231,0.0291891,0.998689
1685629180,769123887,-6.56723,20.9407,-137.236,-0.94294,0.331486,0.0313172,-0.330226,-0.943078,0.0394228,0.0426027,0.0268316,0.99873
1685629180,794106088,-6.54801,20.8005,-137.291,-0.943432,0.329779,0.034385,-0.328521,-0.943749,0.0375672,0.0448397,0.0241459,0.998702
1685629180,819107398,-6.38003,20.4938,-137.306,-0.943997,0.327877,0.0369515,-0.32658,-0.944442,0.0370846,0.0470577,0.0229401,0.998631
1685629180,844066651,-6.05051,20.008,-137.248,-0.944947,0.325077,0.0374135,-0.323739,-0.945395,0.0377033,0.0476271,0.0235154,0.99859
1685629180,869097806,-5.97698,19.9203,-137.383,-0.945668,0.322592,0.040584,-0.321362,-0.946345,0.0340268,0.0493832,0.0191359,0.998599
1685629180,894057224,-5.76858,19.8304,-137.614,-0.946383,0.320158,0.0431039,-0.319032,-0.947235,0.0310532,0.0507715,0.0156367,0.998589
1685629180,919101757,-5.6381,19.4997,-137.614,-0.94693,0.318278,0.0449665,-0.31714,-0.947882,0.0307058,0.0523959,0.0148156,0.998517
1685629180,943133227,-5.50574,19.1915,-137.602,-0.947716,0.315731,0.0463421,-0.314629,-0.948753,0.0295982,0.0533123,0.0134701,0.998486
1685629180,969065827,-5.16661,18.9853,-137.742,-0.948773,0.312389,0.0473581,-0.311369,-0.949883,0.0277633,0.0536576,0.0115952,0.998493
1685629180,993108503,-5.07927,18.8604,-137.831,-0.949339,0.310217,0.0502087,-0.309302,-0.950628,0.0252657,0.0555676,0.00845608,0.998421
1685629181,18104959,-5.05594,18.5262,-137.789,-0.949716,0.308633,0.0527684,-0.307712,-0.951152,0.0249743,0.0578986,0.00748104,0.998295
1685629181,43107061,-4.8319,18.0443,-137.686,-0.950461,0.306161,0.0537513,-0.305264,-0.951956,0.0243739,0.0586312,0.00675817,0.998256
1685629181,68105675,-4.81601,17.8638,-137.693,-0.951157,0.303573,0.056065,-0.302839,-0.952802,0.0213631,0.0599041,0.00334097,0.998198
1685629181,93196673,-4.66248,17.8254,-137.909,-0.951707,0.301381,0.0585151,-0.300832,-0.953504,0.0181878,0.0612759,-0.00029372,0.998123
1685629181,118109217,-4.47617,17.4988,-137.879,-0.95212,0.299693,0.0604329,-0.299189,-0.954034,0.0174344,0.0628801,-0.00148127,0.998019
1685629181,143075137,-4.2159,17.0432,-137.833,-0.95281,0.297332,0.0612063,-0.296855,-0.954772,0.0169641,0.063482,-0.00200582,0.997981
1685629181,168132828,-3.92825,16.7867,-137.838,-0.953796,0.29398,0.0620337,-0.293631,-0.955803,0.0148832,0.0636674,-0.00401947,0.997964
1685629181,193080094,-3.86892,16.7604,-137.894,-0.954394,0.291613,0.0639865,-0.291423,-0.956513,0.0124843,0.0648445,-0.00673216,0.997874
1685629181,218083078,-3.9564,16.7239,-137.961,-0.954585,0.290226,0.0673599,-0.290154,-0.956916,0.0110614,0.067668,-0.0089857,0.997668
1685629181,243091095,-3.83452,16.419,-137.971,-0.955137,0.287838,0.0697391,-0.287937,-0.957608,0.00884252,0.0693279,-0.0116347,0.997525
1685629181,268058255,-3.71892,16.231,-138.047,-0.955895,0.28469,0.0722266,-0.28515,-0.958474,0.00408511,0.0703904,-0.0166905,0.99738
1685629181,293086231,-3.44003,16.1706,-138.241,-0.956876,0.280935,0.0739169,-0.281715,-0.959498,-0.0001331,0.0708857,-0.0209509,0.997265
1685629181,318071184,-3.42411,15.973,-138.226,-0.957264,0.279186,0.0755001,-0.279944,-0.960016,0.000563192,0.0726386,-0.0205967,0.997144
1685629181,343086815,-3.25715,15.6738,-138.165,-0.958029,0.276278,0.076492,-0.277094,-0.960843,-5.04357e-05,0.0734829,-0.0212438,0.99707
1685629181,368053413,-2.85833,15.4464,-138.165,-0.959018,0.272616,0.0772287,-0.273604,-0.961839,-0.00231806,0.0736496,-0.0233532,0.997009
1685629181,393078614,-2.53579,15.1118,-138.175,-0.959819,0.269585,0.0779136,-0.270659,-0.962669,-0.00336112,0.0740989,-0.0243141,0.996954
1685629181,418007244,-2.56998,14.718,-137.996,-0.960112,0.268082,0.079474,-0.269131,-0.9631,-0.00258825,0.0758476,-0.0238739,0.996832
1685629181,443016686,-2.65958,14.4466,-137.854,-0.960411,0.266521,0.0810994,-0.267573,-0.963535,-0.00218186,0.0775606,-0.0237955,0.996702
1685629181,468019619,-2.60592,14.4413,-138.021,-0.960894,0.263874,0.0839787,-0.265311,-0.964143,-0.00623494,0.0793222,-0.0282716,0.996448
1685629181,493068371,-2.46218,14.2818,-138.212,-0.961393,0.261247,0.0864482,-0.263074,-0.964721,-0.0102565,0.0807189,-0.0326028,0.996203
1685629181,518008559,-2.47953,13.9589,-138.185,-0.961604,0.259753,0.0885769,-0.261721,-0.965079,-0.0111701,0.0825822,-0.0339237,0.996006
1685629181,543094682,-2.31968,13.7018,-138.212,-0.962097,0.257365,0.0901826,-0.25948,-0.965669,-0.0123761,0.0839014,-0.0353076,0.995849
1685629181,568085993,-2.12343,13.6019,-138.349,-0.962718,0.254373,0.0920233,-0.256745,-0.966367,-0.0147248,0.0851827,-0.0378023,0.995648
1685629181,592984830,-2.09322,13.5225,-138.53,-0.963127,0.251848,0.0946501,-0.25469,-0.966835,-0.0190489,0.0867136,-0.042453,0.995327
1685629181,618007084,-1.92753,13.2249,-138.561,-0.963512,0.249746,0.0962894,-0.252812,-0.96729,-0.0208877,0.0879232,-0.0444687,0.995135
1685629181,643062464,-1.78766,12.7865,-138.412,-0.963902,0.247903,0.0971454,-0.250915,-0.967804,-0.0199277,0.0890776,-0.0435837,0.995072
1685629181,668037759,-1.78036,12.6848,-138.465,-0.964333,0.245441,0.0990991,-0.248854,-0.968256,-0.0234998,0.0901855,-0.0473229,0.9948
1685629181,692981515,-1.56861,12.7004,-138.665,-0.964986,0.242067,0.101023,-0.245986,-0.968865,-0.0281373,0.0910661,-0.0520022,0.994487
1685629181,717939256,-1.4238,12.4368,-138.695,-0.965389,0.239849,0.102449,-0.243975,-0.969328,-0.0296588,0.0921932,-0.0536274,0.994296
1685629181,742974867,-1.30471,12.1031,-138.699,-0.965768,0.237862,0.103505,-0.242105,-0.969774,-0.0303799,0.0931502,-0.0543989,0.994167
1685629181,767937549,-1.04229,11.7651,-138.71,-0.966262,0.235387,0.10455,-0.239762,-0.970328,-0.0312782,0.0940849,-0.0552899,0.994027
1685629181,792917644,-1.0038,11.6273,-138.84,-0.966476,0.233527,0.10672,-0.238285,-0.970597,-0.0340711,0.0956253,-0.0583586,0.993707
1685629181,817933452,-1.07894,11.4995,-138.897,-0.966777,0.231505,0.108386,-0.236544,-0.970952,-0.036031,0.0968961,-0.060472,0.993456
1685629181,842920895,-0.913924,11.2235,-138.75,-0.967252,0.229209,0.109026,-0.234314,-0.971479,-0.0364084,0.0975711,-0.0607623,0.993374
1685629181,867907070,-0.727543,11.0533,-138.779,-0.967666,0.226728,0.110527,-0.232195,-0.971878,-0.0392231,0.0985259,-0.0636187,0.9931
1685629181,892893643,-0.637019,10.8286,-138.871,-0.968058,0.224343,0.111956,-0.230129,-0.972271,-0.0415923,0.0995207,-0.0660281,0.992845
1685629181,917894583,-0.668524,10.6871,-138.859,-0.968324,0.222434,0.113453,-0.228539,-0.972548,-0.0438237,0.100591,-0.068364,0.992576
1685629181,942973485,-0.621048,10.5138,-138.872,-0.968697,0.220208,0.114606,-0.226578,-0.972919,-0.0457295,0.101432,-0.0702652,0.99236
1685629181,967896357,-0.376748,10.2013,-138.91,-0.969301,0.217114,0.115398,-0.223785,-0.973444,-0.048239,0.10186,-0.0725823,0.992147
1685629181,992903592,-0.365669,9.98727,-139.005,-0.969523,0.215338,0.116857,-0.222352,-0.973654,-0.0505737,0.102888,-0.0750156,0.991863
1685629182,17865731,-0.395758,9.84086,-139.028,-0.969662,0.213755,0.11859,-0.221032,-0.973885,-0.0518882,0.104402,-0.0765262,0.991588
1685629182,42964875,-0.299098,9.64658,-138.99,-0.970034,0.211494,0.119604,-0.219007,-0.974258,-0.0534626,0.105218,-0.0780546,0.991383
1685629182,67880483,-0.249264,9.45595,-138.964,-0.970367,0.209208,0.120914,-0.217059,-0.974566,-0.0557398,0.106177,-0.0803334,0.991099
1685629182,92996867,-0.0725117,9.3367,-139.178,-0.970777,0.20656,0.122166,-0.214891,-0.974833,-0.0593446,0.106833,-0.0838627,0.990737
1685629182,117867694,0.0311427,9.24574,-139.3,-0.971066,0.204431,0.123444,-0.213166,-0.975038,-0.0621357,0.10766,-0.086652,0.990405
1685629182,142833580,0.223318,9.03714,-139.299,-0.971409,0.202322,0.124219,-0.211336,-0.975307,-0.0641405,0.108174,-0.0885586,0.990181
1685629182,167840996,0.30024,8.69663,-139.182,-0.971569,0.201135,0.124892,-0.210236,-0.975525,-0.0644305,0.108876,-0.0888554,0.990079
1685629182,192832134,0.353153,8.52727,-139.209,-0.971749,0.199487,0.126132,-0.208939,-0.975656,-0.066638,0.109768,-0.0911093,0.989773
