ROS Seconds,ROS Nanoseconds,X,Y,Z,Rx0,Rx1,Rx2,Ry0,Ry1,Ry2,Rz0,Rz1,Rz2
1685020970,732098735,16.625,18.4224,-188.627,-0.188677,-0.183163,-0.964806,0.182422,-0.97189,0.148834,-0.964947,-0.147921,0.216785
1685020970,757065757,16.6288,18.423,-188.628,-0.188616,-0.183133,-0.964825,0.182332,-0.971907,0.148833,-0.964976,-0.147846,0.216709
1685020970,782011084,16.6329,18.4235,-188.629,-0.188556,-0.183104,-0.964843,0.182242,-0.971924,0.148832,-0.965006,-0.147771,0.216634
1685020970,807161259,16.6268,18.4293,-188.629,-0.188634,-0.183052,-0.964836,0.182287,-0.971927,0.148759,-0.964981,-0.147816,0.216705
1685020970,832065578,16.6288,18.4299,-188.629,-0.188589,-0.183027,-0.96485,0.182206,-0.971942,0.148758,-0.965006,-0.147748,0.216647
1685020970,857052504,16.6327,18.4289,-188.632,-0.188563,-0.18304,-0.964853,0.182239,-0.971935,0.148768,-0.965005,-0.147781,0.216629
1685020970,881981108,16.6328,18.4276,-188.63,-0.188581,-0.183025,-0.964853,0.182257,-0.971935,0.148746,-0.964998,-0.1478,0.216648
1685020970,907029775,16.6351,18.427,-188.629,-0.188552,-0.182992,-0.964864,0.182183,-0.97195,0.148734,-0.965017,-0.147738,0.216601
1685020970,931031592,16.6363,18.4238,-188.63,-0.188534,-0.18303,-0.964861,0.182161,-0.971947,0.14878,-0.965026,-0.14771,0.216589
1685020970,956080734,16.6384,18.4258,-188.632,-0.188483,-0.182982,-0.96488,0.18201,-0.971977,0.148774,-0.965064,-0.147576,0.216507
1685020970,981074972,16.6364,18.4231,-188.632,-0.188499,-0.183007,-0.964872,0.182015,-0.971973,0.148795,-0.965059,-0.147574,0.216527
1685020971,7012535,16.6409,18.4146,-188.636,-0.188446,-0.183094,-0.964866,0.182035,-0.971955,0.148886,-0.965066,-0.147582,0.216492
1685020971,31037649,16.6415,18.4125,-188.641,-0.188461,-0.183104,-0.96486,0.182026,-0.971955,0.148896,-0.965064,-0.147569,0.216504
1685020971,56034483,16.6433,18.4137,-188.642,-0.188436,-0.183085,-0.964868,0.181992,-0.971962,0.148888,-0.965075,-0.147543,0.216472
1685020971,81036960,16.647,18.4129,-188.641,-0.188395,-0.183071,-0.964879,0.181991,-0.971964,0.148881,-0.965084,-0.147551,0.21643
1685020971,105992323,16.651,18.4095,-188.638,-0.18839,-0.18309,-0.964876,0.18202,-0.971956,0.148894,-0.965079,-0.147577,0.216432
1685020971,131043399,16.6545,18.4147,-188.641,-0.18836,-0.183022,-0.964896,0.181969,-0.971974,0.148842,-0.965095,-0.147545,0.216387
1685020971,155985019,16.6531,18.4189,-188.642,-0.188371,-0.182983,-0.964901,0.182004,-0.971975,0.148793,-0.965086,-0.147588,0.216395
1685020971,181077436,16.652,18.4234,-188.64,-0.188378,-0.182941,-0.964908,0.182048,-0.971975,0.148739,-0.965077,-0.14764,0.216404
1685020971,206032393,16.6516,18.4267,-188.636,-0.18844,-0.182898,-0.964904,0.182156,-0.971966,0.148662,-0.965044,-0.147748,0.216474
1685020971,231039991,16.649,18.4336,-188.634,-0.18848,-0.18281,-0.964913,0.182073,-0.971993,0.148587,-0.965052,-0.147679,0.216487
1685020971,256006180,16.6467,18.4362,-188.636,-0.188508,-0.182809,-0.964907,0.182168,-0.97198,0.14856,-0.965028,-0.14777,0.216529
1685020971,280985421,16.647,18.4403,-188.64,-0.188509,-0.182764,-0.964915,0.182207,-0.971981,0.148506,-0.96502,-0.14782,0.216528
1685020971,306011693,16.6523,18.4413,-188.642,-0.18848,-0.182735,-0.964926,0.182179,-0.971989,0.148487,-0.965031,-0.147803,0.216489
1685020971,331084117,16.6484,18.4423,-188.641,-0.188547,-0.182737,-0.964914,0.182237,-0.971981,0.148466,-0.965008,-0.14785,0.216568
1685020971,356008361,16.643,18.4439,-188.641,-0.188612,-0.182722,-0.964905,0.182312,-0.971974,0.148424,-0.964983,-0.147918,0.216643
1685020971,381053370,16.647,18.4409,-188.646,-0.188561,-0.18277,-0.964905,0.182348,-0.97196,0.148471,-0.964984,-0.147953,0.216602
1685020971,405959813,16.6482,18.4395,-188.642,-0.18858,-0.182773,-0.9649,0.18237,-0.971956,0.148467,-0.964976,-0.14797,0.216624
1685020971,431061055,16.6488,18.4397,-188.65,-0.188574,-0.182773,-0.964901,0.182257,-0.971973,0.148494,-0.964998,-0.147858,0.2166
1685020971,455940073,16.6463,18.4396,-188.659,-0.188571,-0.182792,-0.964898,0.18229,-0.971965,0.148506,-0.964993,-0.147887,0.216605
1685020971,481001214,16.6489,18.4413,-188.657,-0.188574,-0.182804,-0.964895,0.182427,-0.971942,0.148486,-0.964967,-0.148023,0.216631
1685020971,505937778,16.6485,18.4405,-188.652,-0.188591,-0.182781,-0.964897,0.182372,-0.971955,0.148473,-0.964974,-0.14797,0.216637
1685020971,531044519,16.6451,18.4456,-188.655,-0.188862,-0.182608,-0.964876,0.182303,-0.971998,0.148273,-0.964934,-0.147896,0.216865
1685020971,555958457,16.6375,18.4212,-188.657,-0.189237,-0.182419,-0.964838,0.182389,-0.972023,0.148005,-0.964843,-0.147968,0.217214
1685020971,580962282,16.6216,18.3672,-188.667,-0.189711,-0.182237,-0.964781,0.182392,-0.972062,0.147748,-0.964752,-0.147938,0.217653
1685020971,605901758,16.6,18.2663,-188.675,-0.19036,-0.182393,-0.964623,0.182493,-0.972038,0.147781,-0.964604,-0.147905,0.218325
1685020971,630959319,16.7154,17.4163,-188.625,-0.192193,-0.184267,-0.963902,0.185186,-0.971377,0.148771,-0.963726,-0.149908,0.220816
1685020971,655917476,16.735,17.1531,-188.655,-0.191314,-0.186066,-0.963732,0.183188,-0.971384,0.151178,-0.964284,-0.147622,0.219927
1685020971,680936648,16.7546,16.883,-188.738,-0.19106,-0.187056,-0.963592,0.18146,-0.971485,0.152609,-0.964662,-0.145695,0.219559
1685020971,705902254,16.7479,16.552,-188.828,-0.191954,-0.188613,-0.963109,0.181488,-0.971254,0.154036,-0.964476,-0.145225,0.220667
1685020971,730873762,16.6258,15.2475,-189.25,-0.195112,-0.194315,-0.961339,0.174667,-0.971393,0.160897,-0.965102,-0.136522,0.22347
1685020971,755887064,16.7812,14.6546,-189.467,-0.193318,-0.197236,-0.961107,0.172124,-0.971211,0.164688,-0.965921,-0.133593,0.221703
1685020971,780969347,16.8574,14.3251,-189.681,-0.194365,-0.197201,-0.960902,0.170995,-0.971397,0.164767,-0.96591,-0.132285,0.222525
1685020971,805882837,16.7295,14.0686,-189.732,-0.19718,-0.198565,-0.960048,0.170857,-0.971248,0.165789,-0.965364,-0.131341,0.225437
1685020971,830907693,16.8405,13.6199,-189.599,-0.197475,-0.200803,-0.959521,0.169597,-0.971035,0.168309,-0.965525,-0.129496,0.225809
1685020971,855851872,17.0349,13.2302,-189.647,-0.197391,-0.202082,-0.959271,0.167664,-0.971065,0.170066,-0.965882,-0.127266,0.225563
1685020971,880846857,17.0438,12.9246,-189.937,-0.198657,-0.20259,-0.958902,0.166634,-0.971139,0.170653,-0.965799,-0.125884,0.226682
1685020971,905890093,16.91,12.6537,-190.086,-0.201216,-0.203097,-0.958262,0.166535,-0.971121,0.170853,-0.965288,-0.125205,0.22923
1685020971,930872418,16.8201,12.1867,-190.198,-0.202438,-0.205431,-0.957506,0.165706,-0.970836,0.173258,-0.965174,-0.12359,0.230576
1685020971,955908998,17.0124,11.7091,-190.334,-0.202246,-0.206242,-0.957371,0.163878,-0.970917,0.174541,-0.965526,-0.121592,0.230162
1685020971,980926469,17.0929,11.4199,-190.423,-0.203012,-0.206422,-0.957173,0.162152,-0.971117,0.175037,-0.965659,-0.119673,0.230624
1685020972,5858911,16.8829,11.2564,-190.533,-0.205656,-0.207545,-0.956364,0.162267,-0.970957,0.175818,-0.965079,-0.119028,0.233362
1685020972,30864229,16.8709,10.9698,-190.502,-0.206466,-0.209807,-0.955696,0.161881,-0.970604,0.178107,-0.964971,-0.117936,0.234363
1685020972,55811007,17.1106,10.5853,-190.518,-0.205727,-0.211455,-0.955491,0.160838,-0.970405,0.180125,-0.965301,-0.116623,0.233647
1685020972,80857975,17.2139,10.2229,-190.795,-0.20614,-0.212531,-0.955163,0.159172,-0.97041,0.181571,-0.96549,-0.114606,0.233868
1685020972,105932334,17.0116,9.93125,-191.002,-0.208093,-0.213761,-0.954465,0.159468,-0.970185,0.182514,-0.965022,-0.114226,0.235978
1685020972,130805235,16.8857,9.54303,-191.13,-0.209108,-0.215201,-0.953921,0.157963,-0.970107,0.184226,-0.965051,-0.112161,0.236854
1685020972,155786966,17.1431,9.08882,-191.232,-0.207772,-0.216721,-0.953868,0.155923,-0.970017,0.186427,-0.96567,-0.109995,0.235336
1685020972,180849658,17.2746,8.85829,-191.47,-0.208774,-0.217607,-0.953447,0.155577,-0.969905,0.187297,-0.96551,-0.109231,0.236347
1685020972,205803781,17.1533,8.65547,-191.639,-0.210595,-0.218525,-0.952835,0.155095,-0.969819,0.188141,-0.965191,-0.108158,0.238129
1685020972,230780739,17.1208,8.4057,-191.633,-0.211145,-0.220179,-0.952334,0.154143,-0.969609,0.189997,-0.965225,-0.106678,0.238669
1685020972,255785847,17.2275,8.10997,-191.636,-0.210419,-0.22222,-0.952021,0.153091,-0.969298,0.192416,-0.965551,-0.105258,0.237981
1685020972,280785504,17.2944,7.811,-191.781,-0.211317,-0.222098,-0.95185,0.151507,-0.969514,0.192584,-0.965604,-0.103515,0.238525
1685020972,305879826,17.1867,7.62645,-191.861,-0.213463,-0.222965,-0.951169,0.151813,-0.969352,0.193157,-0.965085,-0.103168,0.240772
1685020972,330871223,17.0908,7.43815,-191.83,-0.214499,-0.224846,-0.950491,0.15136,-0.969038,0.195076,-0.964925,-0.102023,0.24189
1685020972,355749707,17.1923,7.18074,-191.973,-0.214061,-0.226501,-0.950198,0.150151,-0.968814,0.197113,-0.965212,-0.100479,0.241397
1685020972,380765716,17.3226,6.97458,-192.097,-0.215026,-0.226459,-0.949989,0.149641,-0.968897,0.197096,-0.965075,-0.0997768,0.242223
1685020972,405827996,17.1774,6.75036,-192.203,-0.216751,-0.227653,-0.949313,0.149131,-0.968738,0.198261,-0.964769,-0.0985989,0.243926
1685020972,430770367,17.0832,6.50242,-192.271,-0.217407,-0.229726,-0.948663,0.148824,-0.968347,0.200387,-0.96467,-0.0976177,0.244717
1685020972,455711911,17.1927,6.2398,-192.432,-0.216951,-0.230825,-0.948501,0.14809,-0.968179,0.201741,-0.964885,-0.0966956,0.244233
1685020972,480713866,17.3091,6.02105,-192.671,-0.217834,-0.2311,-0.94823,0.146938,-0.968253,0.202225,-0.964861,-0.0952801,0.244875
1685020972,505744391,17.2093,5.80632,-192.769,-0.219112,-0.231984,-0.94772,0.146601,-0.968124,0.203085,-0.964624,-0.0944382,0.246138
1685020972,530752583,17.0942,5.60874,-192.742,-0.219182,-0.233732,-0.947275,0.145843,-0.967823,0.205057,-0.964723,-0.0932084,0.246219
1685020972,555708627,17.2325,5.4838,-192.825,-0.218514,-0.234752,-0.947177,0.143641,-0.967798,0.206725,-0.965204,-0.0908809,0.245198
1685020972,580747174,17.4469,5.46415,-192.923,-0.219203,-0.235523,-0.946827,0.14366,-0.967641,0.207441,-0.965046,-0.0905487,0.245948
1685020972,605724170,17.346,5.49008,-192.988,-0.221305,-0.236571,-0.946075,0.145247,-0.967305,0.207903,-0.964327,-0.0914043,0.24843
1685020972,630766158,17.1707,5.32354,-192.935,-0.22186,-0.238052,-0.945574,0.144741,-0.967038,0.209495,-0.964276,-0.0903849,0.249003
1685020972,655703680,17.2962,5.14123,-192.992,-0.220892,-0.238473,-0.945695,0.142832,-0.967101,0.210509,-0.964784,-0.0885759,0.247689
1685020972,679767910,17.0947,5.75551,-192.916,-0.221729,-0.236632,-0.945961,0.141241,-0.967672,0.208957,-0.964825,-0.0872766,0.247983
1685020972,704763105,17.0203,5.66795,-193,-0.223029,-0.237718,-0.945383,0.140058,-0.967563,0.210253,-0.964698,-0.0855162,0.249089
1685020972,729777861,17.0293,5.0319,-193.308,-0.224749,-0.240656,-0.944231,0.143261,-0.966653,0.212271,-0.963827,-0.0875638,0.25173
1685020972,754803532,17.1035,4.83823,-193.527,-0.223114,-0.242755,-0.944082,0.141683,-0.966286,0.214981,-0.964441,-0.0857947,0.249987
1685020972,779836810,17.2393,4.87539,-193.671,-0.223436,-0.242762,-0.944004,0.141199,-0.966334,0.215084,-0.964438,-0.0852353,0.250192
1685020972,804757094,17.1412,4.97459,-193.608,-0.225938,-0.242924,-0.943367,0.142245,-0.966255,0.21475,-0.963701,-0.0856688,0.25287
1685020972,829728370,17.0463,4.91203,-193.7,-0.22628,-0.243952,-0.943019,0.14137,-0.966105,0.216002,-0.963749,-0.0844374,0.253098
1685020972,854752527,17.1402,4.83812,-193.973,-0.224881,-0.245524,-0.942947,0.140469,-0.965793,0.217973,-0.964209,-0.0834367,0.25168
1685020972,879667620,17.2458,4.94035,-194.29,-0.225513,-0.246009,-0.942669,0.140359,-0.965703,0.218442,-0.964077,-0.0830505,0.252309
1685020972,904723927,17.1144,5.17672,-194.388,-0.229421,-0.244792,-0.942042,0.142021,-0.965918,0.216409,-0.96291,-0.0841414,0.256367
1685020972,929669374,17.0598,5.14318,-194.388,-0.229691,-0.245808,-0.941712,0.141554,-0.96573,0.217551,-0.962915,-0.0833337,0.256615
1685020972,954741435,17.2293,5.07832,-194.626,-0.227533,-0.247972,-0.941668,0.140155,-0.965303,0.220331,-0.963631,-0.0818473,0.254393
1685020972,979679268,17.27,5.34286,-194.695,-0.228132,-0.248895,-0.941279,0.140921,-0.965034,0.221023,-0.963378,-0.0822235,0.255228
1685020973,4676661,17.2603,5.53613,-194.767,-0.229354,-0.249077,-0.940935,0.141219,-0.96499,0.221023,-0.963045,-0.0821851,0.256501
1685020973,29708525,17.2892,5.5023,-194.851,-0.229262,-0.250381,-0.940611,0.141007,-0.964699,0.222424,-0.963098,-0.081639,0.256476
1685020973,54696652,17.3825,5.47079,-195.066,-0.227446,-0.252204,-0.940565,0.139547,-0.964352,0.224838,-0.963741,-0.0801141,0.254534
1685020973,79703930,17.1153,5.68957,-194.804,-0.22893,-0.249359,-0.940963,0.138015,-0.965184,0.222199,-0.96361,-0.0789989,0.255375
1685020973,104726179,17.1108,5.8015,-194.836,-0.229855,-0.25022,-0.940509,0.137977,-0.965001,0.223015,-0.963395,-0.0785076,0.256335
1685020973,129670427,17.1457,5.88074,-194.91,-0.230065,-0.250858,-0.940287,0.138016,-0.96485,0.223642,-0.963339,-0.0783229,0.256601
1685020973,154691169,17.2078,5.97797,-194.995,-0.229873,-0.251513,-0.940159,0.138123,-0.964682,0.224302,-0.963369,-0.0782966,0.256493
1685020973,179725744,17.1996,6.10391,-195.089,-0.230505,-0.252282,-0.939799,0.137436,-0.964565,0.225222,-0.963317,-0.0772472,0.25701
1685020973,204792202,17.1636,6.27111,-195.079,-0.231524,-0.25266,-0.939446,0.137357,-0.964501,0.225547,-0.963083,-0.0768198,0.25801
1685020973,229728560,17.1385,6.34142,-195.101,-0.23189,-0.253772,-0.939057,0.138151,-0.964177,0.226445,-0.962883,-0.0772214,0.258643
1685020973,254666487,17.1388,6.39101,-195.191,-0.231711,-0.25445,-0.938917,0.138604,-0.963973,0.227035,-0.96286,-0.077531,0.258632
1685020973,279685785,17.1391,6.52098,-195.266,-0.231617,-0.254696,-0.938875,0.139437,-0.963844,0.227072,-0.962763,-0.0783201,0.258759
1685020973,304687114,17.1107,6.65483,-195.28,-0.232508,-0.255166,-0.938525,0.139201,-0.963767,0.227543,-0.962581,-0.077738,0.259603
1685020973,329679602,17.0886,6.72658,-195.272,-0.233013,-0.256012,-0.93817,0.139332,-0.963561,0.228335,-0.962441,-0.0775126,0.260193
1685020973,354698099,17.0969,6.81091,-195.291,-0.232618,-0.256813,-0.93805,0.139859,-0.963315,0.229048,-0.96246,-0.0779141,0.260005
1685020973,379657664,17.0455,6.91123,-195.38,-0.233135,-0.25716,-0.937826,0.139647,-0.963258,0.229419,-0.962365,-0.077479,0.260481
1685020973,404598527,16.9764,7.04322,-195.372,-0.233864,-0.257438,-0.937567,0.139486,-0.963217,0.229688,-0.962211,-0.0770626,0.261169
1685020973,429679903,16.9453,7.09338,-195.371,-0.233994,-0.258391,-0.937274,0.139928,-0.96295,0.230537,-0.962117,-0.0772058,0.261483
1685020973,454597275,16.9589,7.06783,-195.464,-0.233454,-0.259304,-0.937157,0.139856,-0.96272,0.231538,-0.962258,-0.0770131,0.261018
1685020973,479556473,17.0023,7.15086,-195.491,-0.232689,-0.259949,-0.937168,0.140223,-0.962516,0.232165,-0.96239,-0.0773905,0.26042
1685020973,504581636,17.2276,6.8097,-195.514,-0.232662,-0.259338,-0.937344,0.139309,-0.96274,0.231786,-0.96253,-0.0766528,0.260123
1685020973,529569857,17.2736,6.75628,-195.535,-0.232035,-0.260085,-0.937292,0.137964,-0.962649,0.232967,-0.962874,-0.0752561,0.259251
1685020973,554563203,17.4958,6.48869,-195.45,-0.229466,-0.262445,-0.937267,0.134583,-0.962267,0.236496,-0.963968,-0.0718715,0.256131
1685020973,579563432,17.5332,6.63189,-195.345,-0.232657,-0.262297,-0.936521,0.139041,-0.962024,0.234899,-0.962569,-0.075564,0.260293
1685020973,604550277,17.7006,7.38648,-194.903,-0.232773,-0.263247,-0.936226,0.136067,-0.962016,0.236668,-0.962966,-0.0722992,0.259752
1685020973,629579627,17.286,7.9247,-194.79,-0.233771,-0.263894,-0.935794,0.137799,-0.96174,0.236787,-0.962477,-0.0735981,0.26119
1685020973,654596532,16.9604,8.45231,-194.502,-0.236268,-0.262288,-0.93562,0.140088,-0.962015,0.234312,-0.961538,-0.075708,0.26404
1685020973,679520415,17.1379,8.77477,-194.185,-0.236647,-0.26006,-0.936146,0.139767,-0.962603,0.232078,-0.961491,-0.0759211,0.264147
1685020973,704574131,17.305,8.71383,-194.03,-0.233587,-0.261109,-0.936622,0.13775,-0.96244,0.233953,-0.96253,-0.0743706,0.260783
1685020973,729521191,16.9067,9.03991,-194.004,-0.234236,-0.261803,-0.936266,0.140493,-0.962064,0.233868,-0.961976,-0.0767581,0.262134
1685020973,754541829,16.8179,9.5954,-193.891,-0.234201,-0.261013,-0.936495,0.141619,-0.96217,0.232752,-0.961818,-0.0781152,0.262305
1685020973,779541514,17.2046,9.56838,-193.621,-0.229617,-0.260594,-0.937745,0.139954,-0.962316,0.233153,-0.963166,-0.0777053,0.257436
1685020973,804484558,17.3604,9.62785,-193.261,-0.229891,-0.258556,-0.938243,0.141724,-0.962681,0.230565,-0.962842,-0.0799667,0.257955
1685020973,829552161,16.8257,9.85674,-193.413,-0.229396,-0.258195,-0.938463,0.143062,-0.962647,0.229879,-0.962762,-0.0815252,0.257765
1685020973,854482881,16.6375,10.0409,-193.252,-0.225795,-0.256815,-0.939715,0.141463,-0.963045,0.2292,-0.96385,-0.0811823,0.253783
1685020973,879520121,16.9812,10.1106,-193.165,-0.222716,-0.253718,-0.94129,0.140766,-0.963791,0.226476,-0.964668,-0.0820615,0.250368
1685020973,904498440,17.0925,10.2248,-192.946,-0.220967,-0.252186,-0.942113,0.142871,-0.963939,0.224519,-0.96476,-0.084989,0.24903
1685020973,929454880,16.7646,10.7917,-192.626,-0.221162,-0.250549,-0.942503,0.143514,-0.964275,0.222661,-0.96462,-0.0860182,0.249218
1685020973,954493024,16.7297,11.1632,-192.357,-0.217115,-0.249988,-0.943593,0.142468,-0.964416,0.222723,-0.965694,-0.0860751,0.245004
1685020973,979468243,16.997,11.4886,-192.018,-0.216558,-0.246879,-0.944539,0.143932,-0.964999,0.219227,-0.965601,-0.0884738,0.244511
1685020974,4480780,17.0798,11.653,-191.738,-0.216404,-0.244104,-0.945296,0.146248,-0.965419,0.21582,-0.965289,-0.0915431,0.244623
1685020974,29461729,16.9344,11.7661,-191.687,-0.215252,-0.241485,-0.94623,0.146655,-0.965949,0.213155,-0.965483,-0.0928874,0.243336
1685020974,54479137,16.7288,11.92,-191.608,-0.213368,-0.240081,-0.947014,0.147096,-0.96618,0.211798,-0.965835,-0.0941104,0.241468
1685020974,79498744,16.9131,12.2452,-191.591,-0.212181,-0.235693,-0.948383,0.147703,-0.967065,0.20729,-0.966005,-0.0960954,0.240008
1685020974,104442254,17.0347,12.4486,-191.206,-0.210863,-0.231865,-0.949619,0.148325,-0.967802,0.203369,-0.966197,-0.0979688,0.238465
1685020974,129419001,16.8626,12.7037,-191.027,-0.210756,-0.230341,-0.950013,0.150334,-0.967918,0.201331,-0.96591,-0.100388,0.238623
1685020974,154460331,16.7135,12.9911,-190.879,-0.20755,-0.229247,-0.950984,0.150979,-0.968011,0.200401,-0.966504,-0.101985,0.235525
1685020974,179417993,16.9297,13.3821,-190.506,-0.205057,-0.226484,-0.952185,0.151374,-0.968491,0.197763,-0.966973,-0.103583,0.232879
1685020974,204450584,16.8591,13.7067,-190.359,-0.205254,-0.223105,-0.952941,0.154043,-0.968899,0.193662,-0.96651,-0.107044,0.23324
1685020974,229479961,16.7117,13.7966,-190.041,-0.204551,-0.220075,-0.953797,0.154665,-0.969425,0.190512,-0.966561,-0.108549,0.232337
1685020974,253448241,16.5195,13.9316,-189.919,-0.202275,-0.219158,-0.954492,0.154907,-0.969529,0.189783,-0.967,-0.109469,0.230062
1685020974,278504112,16.5602,14.3272,-189.834,-0.201286,-0.215433,-0.955548,0.156042,-0.970109,0.185845,-0.967023,-0.111698,0.228886
1685020974,303443438,16.7057,14.7337,-189.566,-0.201012,-0.212215,-0.956325,0.158615,-0.970421,0.182003,-0.966661,-0.115103,0.228726
1685020974,328521171,16.6667,14.8025,-189.479,-0.199133,-0.21138,-0.956904,0.159886,-0.970384,0.181086,-0.966842,-0.116936,0.227034
1685020974,353450979,16.6164,14.9872,-189.412,-0.19677,-0.20842,-0.958041,0.159186,-0.970971,0.178538,-0.967441,-0.117375,0.224236
1685020974,378471717,16.8127,15.1594,-189.174,-0.191435,-0.206789,-0.959474,0.156324,-0.971499,0.178191,-0.968976,-0.115877,0.218304
1685020974,403423511,16.8725,15.4008,-189.176,-0.189448,-0.204581,-0.960342,0.157658,-0.971701,0.175899,-0.969151,-0.118081,0.216342
1685020974,428441893,16.8808,15.5076,-189.002,-0.189131,-0.201292,-0.961099,0.159815,-0.972024,0.172131,-0.96886,-0.121042,0.21601
1685020974,453431742,16.8333,15.64,-188.777,-0.188073,-0.199201,-0.961742,0.161009,-0.972222,0.169885,-0.968868,-0.122898,0.214922
1685020974,478547171,16.7689,16.1629,-188.716,-0.18852,-0.194068,-0.962704,0.162955,-0.972873,0.164208,-0.968456,-0.125921,0.215032
1685020974,503409425,16.7567,16.6503,-188.343,-0.189715,-0.189584,-0.963362,0.165812,-0.973274,0.158881,-0.967737,-0.129595,0.216081
1685020974,528436678,16.7459,16.8081,-188.025,-0.188975,-0.187414,-0.963932,0.167639,-0.973366,0.156384,-0.967567,-0.13204,0.215361
1685020974,553419782,16.7001,16.9424,-187.855,-0.186933,-0.185387,-0.964722,0.168837,-0.973483,0.154356,-0.967756,-0.134026,0.213278
1685020974,578436455,16.5527,17.2529,-187.777,-0.186267,-0.181996,-0.965496,0.16988,-0.973859,0.150798,-0.967702,-0.135929,0.212317
1685020974,603418232,16.4355,17.5887,-187.694,-0.186946,-0.178356,-0.966044,0.172026,-0.974129,0.146558,-0.967191,-0.138786,0.212792
1685020974,628420015,16.4412,17.7142,-187.461,-0.186041,-0.176554,-0.96655,0.174007,-0.974094,0.144439,-0.967011,-0.141314,0.211944
1685020974,653432164,16.5218,17.7382,-187.446,-0.182139,-0.175787,-0.967432,0.17464,-0.97403,0.144106,-0.96764,-0.142705,0.20811
1685020974,678392102,16.5074,18.1655,-187.384,-0.180523,-0.17199,-0.968416,0.174109,-0.974632,0.140638,-0.968037,-0.143222,0.205888
1685020974,703414010,16.3777,18.5058,-187.171,-0.180105,-0.169552,-0.968925,0.175865,-0.974711,0.137875,-0.967799,-0.145567,0.20537
1685020974,728355791,16.4299,18.5965,-187.023,-0.179276,-0.166965,-0.969527,0.179093,-0.974565,0.134716,-0.96736,-0.149484,0.204619
1685020974,753363911,16.6612,18.5598,-186.904,-0.174328,-0.164875,-0.970786,0.177593,-0.97498,0.133696,-0.96854,-0.149098,0.199248
1685020974,778416267,16.4506,18.901,-186.67,-0.173856,-0.162915,-0.971202,0.178658,-0.975073,0.131583,-0.968429,-0.150637,0.198628
1685020974,803388981,16.2248,19.3514,-186.731,-0.175216,-0.159852,-0.971467,0.182025,-0.97498,0.127599,-0.967557,-0.154474,0.19993
1685020974,828385990,16.4087,19.4585,-186.525,-0.173038,-0.157372,-0.972261,0.183035,-0.975095,0.125255,-0.967758,-0.156284,0.197532
1685020974,853335540,16.4473,19.5797,-186.209,-0.170361,-0.156898,-0.972811,0.183654,-0.975,0.125089,-0.968117,-0.15735,0.194919
1685020974,878471381,16.3398,19.9099,-186.14,-0.168876,-0.153746,-0.973573,0.184478,-0.975234,0.122008,-0.96822,-0.158999,0.193057
1685020974,903325195,16.2979,20.1888,-185.995,-0.168425,-0.150878,-0.9741,0.186049,-0.97532,0.118898,-0.967998,-0.161204,0.19234
1685020974,928380491,16.2439,20.4477,-185.741,-0.169099,-0.148153,-0.9744,0.188388,-0.975268,0.115592,-0.967427,-0.164019,0.192826
1685020974,953349214,16.4449,20.5045,-185.501,-0.165476,-0.145595,-0.975408,0.187239,-0.975692,0.113873,-0.968277,-0.163791,0.188716
1685020974,978359605,16.3282,20.7686,-185.515,-0.165469,-0.143459,-0.975725,0.189105,-0.97562,0.111374,-0.967915,-0.166086,0.188564
1685020975,3314440,16.0979,21.2635,-185.49,-0.167605,-0.139627,-0.975916,0.192489,-0.975502,0.106509,-0.96688,-0.170002,0.190376
1685020975,28356085,16.2471,21.3677,-185.229,-0.164956,-0.137429,-0.97668,0.192909,-0.975615,0.104698,-0.967252,-0.17114,0.187445
1685020975,53322719,16.3398,21.3683,-185.131,-0.162274,-0.136643,-0.977239,0.194432,-0.975377,0.104096,-0.967401,-0.173114,0.184846
1685020975,78397364,16.3723,21.644,-185.105,-0.160351,-0.133304,-0.978017,0.194076,-0.975755,0.101176,-0.967792,-0.173586,0.182334
1685020975,103289402,16.2664,21.9042,-184.806,-0.160209,-0.131896,-0.978231,0.195385,-0.975661,0.0995508,-0.967552,-0.175183,0.182081
1685020975,128303881,16.1314,22.1077,-184.78,-0.160443,-0.131015,-0.978312,0.199669,-0.974968,0.0978214,-0.966639,-0.179643,0.182588
1685020975,153331460,16.2889,22.3405,-184.743,-0.158438,-0.127461,-0.979109,0.200002,-0.975219,0.09459,-0.966902,-0.180837,0.180007
1685020975,178332423,16.3731,22.418,-184.576,-0.156063,-0.124983,-0.979807,0.199034,-0.975594,0.0927441,-0.967485,-0.180541,0.177128
1685020975,203307198,16.1236,22.6493,-184.562,-0.157317,-0.122474,-0.979924,0.202241,-0.975245,0.0894221,-0.966618,-0.184113,0.178191
1685020975,228313656,16.0635,22.8553,-184.283,-0.157105,-0.120465,-0.980208,0.204621,-0.974965,0.0870249,-0.966152,-0.186899,0.177823
1685020975,253331676,16.1822,23.0808,-184.128,-0.155478,-0.119116,-0.980631,0.206477,-0.974695,0.085658,-0.966019,-0.18916,0.176138
1685020975,278254432,16.2964,23.4339,-184.017,-0.15358,-0.115528,-0.98136,0.206849,-0.974897,0.0823958,-0.966244,-0.190339,0.173623
1685020975,303250117,16.1842,23.7766,-183.904,-0.154086,-0.112797,-0.981598,0.20824,-0.974855,0.079334,-0.965865,-0.192183,0.173701
1685020975,328261955,16.062,23.9388,-183.94,-0.15408,-0.110715,-0.981836,0.21016,-0.974636,0.0769228,-0.965449,-0.194491,0.17344
1685020975,353235045,16.1264,24.0461,-183.822,-0.152758,-0.108945,-0.98224,0.211099,-0.974563,0.0752637,-0.965454,-0.195853,0.17187
1685020975,378246593,16.1551,24.2482,-183.684,-0.151243,-0.107402,-0.982644,0.212175,-0.974437,0.0738485,-0.965457,-0.197324,0.170164
1685020975,403219585,16.062,24.5656,-183.634,-0.151344,-0.104355,-0.982957,0.214134,-0.97426,0.0704619,-0.965008,-0.199821,0.169793
1685020975,428194460,16.0163,24.7176,-183.503,-0.151063,-0.102294,-0.983218,0.215038,-0.974213,0.0683186,-0.964852,-0.201109,0.169166
1685020975,453211374,16.0478,24.732,-183.445,-0.149163,-0.101321,-0.983607,0.216069,-0.974037,0.0675686,-0.964916,-0.202449,0.167181
1685020975,478211023,16.0349,24.9315,-183.359,-0.148672,-0.0987332,-0.983947,0.217537,-0.973895,0.0648551,-0.964664,-0.204402,0.166272
1685020975,503249460,16.023,25.1226,-183.335,-0.147853,-0.0969708,-0.984244,0.218832,-0.973723,0.0630611,-0.964496,-0.20606,0.16519
1685020975,528183361,15.978,25.2307,-183.402,-0.146741,-0.0956223,-0.984542,0.221408,-0.973239,0.0615246,-0.964078,-0.208957,0.163987
1685020975,553191139,16.0102,25.3967,-183.225,-0.145037,-0.0929434,-0.985052,0.221428,-0.973376,0.0592389,-0.964332,-0.209526,0.161758
1685020975,578176192,15.9706,25.6038,-183.552,-0.145305,-0.0947635,-0.984838,0.226011,-0.972262,0.0602075,-0.963226,-0.213836,0.162691
1685020975,603159255,15.9468,25.8046,-183.514,-0.144932,-0.0927766,-0.985083,0.227111,-0.972132,0.0581425,-0.963025,-0.215297,0.161965
1685020975,628180409,15.9976,26.0987,-182.936,-0.144534,-0.0879631,-0.985582,0.226652,-0.972502,0.0535574,-0.963192,-0.215644,0.160497
1685020975,653185679,16.0391,26.2219,-182.841,-0.142619,-0.0871625,-0.985933,0.227858,-0.972251,0.0529924,-0.963193,-0.217094,0.158523
1685020975,678155601,16.0555,26.5633,-182.794,-0.142049,-0.0843237,-0.986261,0.228419,-0.972266,0.0502287,-0.963144,-0.218146,0.157369
1685020975,702207579,16.1105,26.8002,-182.715,-0.141821,-0.0827576,-0.986427,0.229623,-0.972068,0.0485395,-0.962892,-0.219623,0.156863
1685020975,728132233,16.0668,26.9949,-182.718,-0.142075,-0.0813783,-0.986505,0.23231,-0.971521,0.0466852,-0.962209,-0.222542,0.156934
1685020975,752171188,16.0495,27.1637,-182.618,-0.140875,-0.0790826,-0.986864,0.233069,-0.971438,0.0445758,-0.962202,-0.223728,0.155283
1685020975,777176306,15.9575,27.3499,-182.502,-0.141391,-0.0770691,-0.986949,0.234447,-0.97121,0.0422532,-0.961791,-0.225413,0.155388
1685020975,802179883,15.8741,27.5882,-182.522,-0.141869,-0.0752068,-0.987023,0.236925,-0.970708,0.0399097,-0.961113,-0.228189,0.155529
1685020975,827212111,15.8806,27.6933,-182.405,-0.140653,-0.0747268,-0.987235,0.23769,-0.970534,0.0395985,-0.961104,-0.229086,0.154271
1685020975,852183689,15.894,27.7957,-182.294,-0.139401,-0.0738822,-0.987476,0.238937,-0.970257,0.0388631,-0.960977,-0.230527,0.15291
1685020975,877187936,15.8418,28.0963,-182.281,-0.138926,-0.0714602,-0.987721,0.239927,-0.970107,0.0364394,-0.960799,-0.231918,0.151918
1685020975,902202008,15.8406,28.2599,-182.14,-0.138864,-0.0690461,-0.987902,0.240733,-0.969997,0.033956,-0.960606,-0.233106,0.15132
1685020975,927173528,15.76,28.3302,-182.042,-0.139434,-0.0687524,-0.987842,0.243769,-0.96927,0.0330516,-0.959758,-0.236197,0.15191
1685020975,952171062,15.788,28.4254,-182.038,-0.138798,-0.0674098,-0.988023,0.244576,-0.96911,0.0317615,-0.959644,-0.237238,0.150995
1685020975,977260042,15.7825,28.6298,-182.121,-0.138418,-0.0659235,-0.988178,0.245364,-0.968958,0.0302721,-0.959499,-0.238273,0.150297
1685020976,2204176,15.7701,28.8575,-182.526,-0.137273,-0.0663297,-0.98831,0.247426,-0.968423,0.0306282,-0.959134,-0.240329,0.149352
1685020976,27149782,15.7688,29.0186,-182.456,-0.136742,-0.0649691,-0.988474,0.249094,-0.96804,0.0291674,-0.958777,-0.242234,0.148555
1685020976,52231651,15.7911,29.173,-182.379,-0.136019,-0.0640375,-0.988634,0.250386,-0.967734,0.028235,-0.958543,-0.2437,0.147664
1685020976,77280537,15.8049,29.5607,-181.873,-0.136578,-0.0600903,-0.988806,0.250693,-0.967764,0.0241847,-0.958384,-0.244583,0.147241
1685020976,102229776,15.7248,29.824,-181.802,-0.136921,-0.0591488,-0.988815,0.251979,-0.96746,0.0229798,-0.957998,-0.246014,0.147371
1685020976,127249089,15.6884,29.9374,-181.907,-0.136801,-0.0579047,-0.988904,0.254148,-0.966927,0.02146,-0.957441,-0.248393,0.146992
1685020976,152222794,15.7713,29.874,-181.793,-0.136068,-0.056265,-0.989101,0.253855,-0.967034,0.0200875,-0.957624,-0.248355,0.145866
1685020976,177144301,15.7272,29.9883,-181.841,-0.136505,-0.0559016,-0.989061,0.25561,-0.966586,0.0193534,-0.957094,-0.250173,0.146232
1685020976,202114906,15.6588,30.2919,-181.934,-0.136595,-0.0554052,-0.989076,0.257522,-0.966094,0.0185532,-0.956569,-0.252174,0.146231
1685020976,227113032,15.7563,29.7904,-181.923,-0.136342,-0.0580856,-0.988958,0.253357,-0.967126,0.0218742,-0.957717,-0.247577,0.146578
1685020976,252128271,15.7466,29.9553,-181.873,-0.136104,-0.0571956,-0.989043,0.254532,-0.966839,0.0208849,-0.957439,-0.2489,0.14615
1685020976,277138302,15.7294,30.1385,-181.839,-0.135963,-0.0560609,-0.989126,0.25569,-0.966559,0.0196353,-0.95715,-0.25024,0.14575
1685020976,302122683,15.7117,30.3155,-181.814,-0.135924,-0.0550337,-0.98919,0.257012,-0.966232,0.0184404,-0.956802,-0.251727,0.145479
1685020976,327169495,15.7256,30.0871,-181.461,-0.137603,-0.0536485,-0.989034,0.260427,-0.965359,0.0161313,-0.955638,-0.255351,0.146809
1685020976,352096510,15.7329,30.2078,-181.44,-0.137565,-0.0525781,-0.989097,0.261485,-0.965092,0.0149341,-0.955355,-0.25658,0.146513
1685020976,377083691,15.709,30.3543,-181.432,-0.137806,-0.0514037,-0.989125,0.26274,-0.964772,0.0135325,-0.954976,-0.258018,0.14646
1685020976,402068721,15.6562,30.9235,-181.781,-0.135911,-0.0515752,-0.989377,0.262218,-0.964903,0.0142784,-0.95539,-0.257492,0.144665
1685020976,427096391,15.6438,31.0764,-181.782,-0.135893,-0.0508212,-0.98942,0.263544,-0.964555,0.013347,-0.955028,-0.258942,0.144471
1685020976,452073300,15.6209,31.2153,-181.766,-0.13597,-0.0500867,-0.989447,0.26482,-0.964218,0.0124177,-0.954665,-0.260337,0.144371
1685020976,477076884,15.5951,31.3674,-181.779,-0.136038,-0.0490961,-0.989486,0.265982,-0.963912,0.0112593,-0.954331,-0.261653,0.144186
1685020976,502028413,15.5816,31.5147,-181.808,-0.136043,-0.0481474,-0.989532,0.26717,-0.963596,0.0101545,-0.953998,-0.262992,0.143953
1685020976,527028260,15.5729,31.6562,-181.841,-0.136057,-0.0474099,-0.989566,0.268486,-0.963239,0.00923385,-0.953627,-0.264429,0.143785
1685020976,552045616,15.5479,31.7943,-181.861,-0.136242,-0.0467186,-0.989574,0.269807,-0.962879,0.00831179,-0.953228,-0.265861,0.143791
1685020976,577030510,15.5212,31.9292,-181.883,-0.136322,-0.0459206,-0.9896,0.270912,-0.962576,0.0073471,-0.952903,-0.267093,0.143661
1685020976,601996764,15.5051,32.0768,-181.931,-0.136083,-0.0451745,-0.989668,0.272012,-0.962272,0.00652091,-0.952624,-0.268314,0.143239
1685020976,626998211,15.5006,32.2139,-181.953,-0.136065,-0.0444635,-0.989703,0.273161,-0.961952,0.00566193,-0.952298,-0.269578,0.143037
1685020976,651993243,15.484,32.3594,-181.945,-0.136155,-0.0438998,-0.989714,0.274262,-0.961643,0.00492457,-0.951968,-0.27077,0.142972
1685020976,677026768,15.474,32.5119,-181.959,-0.136176,-0.0431914,-0.989742,0.275321,-0.961344,0.00407156,-0.951658,-0.271943,0.142802
1685020976,702000203,15.4712,32.6536,-181.99,-0.13623,-0.0426675,-0.989758,0.276408,-0.961035,0.00338464,-0.951336,-0.273116,0.142715
1685020976,727009526,15.4644,32.7933,-182.021,-0.136332,-0.0424193,-0.989755,0.277599,-0.960693,0.00293621,-0.950975,-0.274355,0.14275
1685020976,752009115,15.4543,32.9276,-182.025,-0.136655,-0.0420717,-0.989726,0.278749,-0.960361,0.00233541,-0.950593,-0.275566,0.142967
1685020976,776960998,15.4339,33.0601,-182.034,-0.136997,-0.0418091,-0.98969,0.279811,-0.960053,0.00182427,-0.950232,-0.276676,0.143226
1685020976,802018803,15.4283,33.1909,-182.077,-0.137124,-0.0416407,-0.989677,0.280992,-0.959709,0.00144734,-0.949862,-0.277893,0.143298
1685020976,826964996,15.4263,33.9518,-182.617,-0.136639,-0.0412498,-0.989761,0.283607,-0.95894,0.000812927,-0.949155,-0.280592,0.142726
1685020976,851971633,15.4067,34.0757,-182.643,-0.137413,-0.0415544,-0.989642,0.283774,-0.958891,0.000860807,-0.948994,-0.280716,0.143556
1685020976,876963439,15.3833,34.2385,-182.692,-0.137705,-0.0405274,-0.989645,0.285784,-0.958294,-0.000522408,-0.94835,-0.282896,0.143547
1685020976,901927408,15.3775,34.3588,-182.764,-0.138131,-0.0406092,-0.989581,0.286673,-0.958028,-0.000701086,-0.948018,-0.283783,0.143975
1685020976,926953663,15.3014,34.3101,-182.642,-0.139954,-0.0425634,-0.989242,0.29182,-0.956473,-0.000131983,-0.946178,-0.288699,0.146283
1685020976,951954686,15.2363,34.4449,-182.651,-0.141272,-0.0418836,-0.989084,0.292757,-0.956186,-0.00132433,-0.945693,-0.289749,0.147344
1685020976,976927522,15.2109,34.5535,-182.743,-0.141738,-0.0415479,-0.989031,0.293678,-0.955903,-0.00193062,-0.945337,-0.29073,0.147689
1685020977,1920436,15.2571,34.5596,-182.906,-0.140262,-0.0420414,-0.989221,0.294772,-0.955567,-0.00118456,-0.945217,-0.291761,0.146421
1685020977,26949254,15.1986,34.6949,-182.905,-0.141805,-0.0424233,-0.988985,0.295548,-0.955327,-0.00139712,-0.944744,-0.292491,0.148007
1685020977,51936469,15.11,34.9024,-182.919,-0.143243,-0.0425062,-0.988774,0.296437,-0.95505,-0.00188809,-0.944249,-0.29338,0.149404
1685020977,76900913,15.1068,34.9998,-182.986,-0.142966,-0.0418063,-0.988845,0.297608,-0.954685,-0.00266568,-0.943923,-0.294669,0.14893
1685020977,101898991,15.0873,35.1229,-183.039,-0.143952,-0.0424503,-0.988674,0.299004,-0.954249,-0.00256319,-0.943332,-0.295986,0.150059
1685020977,126985234,15.1024,35.1722,-183.221,-0.143587,-0.0434922,-0.988682,0.300082,-0.953912,-0.00161871,-0.943045,-0.296918,0.150022
1685020977,151938272,15.0582,35.2888,-183.261,-0.144991,-0.0433509,-0.988482,0.301537,-0.953451,-0.00241495,-0.942365,-0.298415,0.151313
1685020977,176896005,15.0451,35.3956,-183.375,-0.146051,-0.0436462,-0.988314,0.301953,-0.95332,-0.00252115,-0.942069,-0.298792,0.152412
1685020977,201868479,15.0644,35.4073,-183.656,-0.144981,-0.0444895,-0.988433,0.303127,-0.952949,-0.0015694,-0.941857,-0.299848,0.151645
1685020977,226905763,15.0722,35.5304,-183.692,-0.146136,-0.0452261,-0.98823,0.303681,-0.952773,-0.00130408,-0.9415,-0.300298,0.152969
1685020977,251967405,15.0416,35.6766,-183.854,-0.147621,-0.0452602,-0.988008,0.304378,-0.95255,-0.00184201,-0.941043,-0.301,0.154392
1685020977,276852458,15.0152,35.7688,-183.971,-0.148014,-0.045158,-0.987953,0.305292,-0.952256,-0.00221187,-0.940685,-0.301942,0.154732
1685020977,300923322,14.9788,35.9102,-184.045,-0.149045,-0.0461337,-0.987753,0.306579,-0.951844,-0.00180411,-0.940104,-0.303093,0.156011
1685020977,326863020,15.0329,35.9084,-184.288,-0.148232,-0.0474629,-0.987814,0.307203,-0.951644,-0.000374143,-0.940029,-0.303514,0.155646
1685020977,350899240,14.9722,36.0416,-184.287,-0.15004,-0.0464169,-0.987589,0.308427,-0.951246,-0.00214893,-0.93934,-0.304921,0.15704
1685020977,375925767,14.9154,36.1311,-184.421,-0.151451,-0.047201,-0.987337,0.309613,-0.950861,-0.00203526,-0.938724,-0.306,0.158622
1685020977,400925531,14.8725,36.1188,-184.698,-0.150727,-0.0488108,-0.98737,0.310661,-0.950521,-0.000434991,-0.938494,-0.306803,0.158434
1685020977,425896682,14.8641,36.2634,-184.702,-0.151778,-0.0494083,-0.98718,0.311504,-0.950245,-0.000333836,-0.938046,-0.307561,0.159619
1685020977,450901715,14.8752,36.3888,-184.774,-0.152553,-0.0504208,-0.987008,0.311548,-0.95023,0.000388756,-0.937905,-0.307441,0.16067
1685020977,475903318,14.792,36.4041,-184.908,-0.153472,-0.0512419,-0.986825,0.313128,-0.949711,0.000616342,-0.93723,-0.308907,0.161803
1685020977,500848386,14.7201,36.5116,-185.097,-0.15438,-0.0525803,-0.986612,0.314659,-0.949204,0.00135035,-0.936567,-0.310237,0.163084
1685020977,525868569,14.7943,36.5224,-185.368,-0.153051,-0.0544859,-0.986716,0.314255,-0.949332,0.0036765,-0.936922,-0.309517,0.162422
1685020977,550907690,14.7174,36.6703,-185.402,-0.155825,-0.0542377,-0.986295,0.316019,-0.94875,0.00224526,-0.935869,-0.311338,0.164979
1685020977,575909294,14.68,36.797,-185.564,-0.157157,-0.054867,-0.986049,0.316673,-0.948532,0.00230772,-0.935425,-0.311892,0.166444
1685020977,600874141,14.6805,36.7622,-185.803,-0.155907,-0.0572522,-0.986112,0.317242,-0.948332,0.00490153,-0.935443,-0.312071,0.166017
1685020977,625838524,14.6382,36.9049,-185.838,-0.157935,-0.0584968,-0.985716,0.31871,-0.947838,0.00518385,-0.934603,-0.313338,0.168343
1685020977,650882543,14.6501,37.0204,-185.915,-0.15905,-0.0596726,-0.985465,0.318877,-0.947778,0.00592526,-0.934355,-0.3133,0.169771
1685020977,675860737,14.5569,37.0791,-186.001,-0.160595,-0.0604782,-0.985165,0.319985,-0.947403,0.0059984,-0.933712,-0.314275,0.171499
1685020977,700851860,14.4697,37.0907,-186.195,-0.161909,-0.0625979,-0.984818,0.321863,-0.946758,0.00726265,-0.93284,-0.315801,0.173437
1685020977,725911320,14.4644,37.14,-186.488,-0.161343,-0.0642136,-0.984808,0.321721,-0.946792,0.00902639,-0.932988,-0.315376,0.173419
1685020977,750927855,14.4675,37.2157,-186.569,-0.162996,-0.0640672,-0.984546,0.322416,-0.946563,0.00821801,-0.932461,-0.316093,0.174944
1685020977,775817912,14.3571,37.3136,-186.628,-0.166644,-0.0647902,-0.983887,0.324165,-0.945972,0.00738832,-0.931208,-0.31771,0.178645
1685020977,800814973,14.3719,37.244,-186.965,-0.166037,-0.0667224,-0.98386,0.324905,-0.945701,0.00930313,-0.931058,-0.318116,0.178701
1685020977,825824919,14.3571,37.3437,-187.072,-0.166928,-0.0684242,-0.983592,0.325391,-0.945521,0.0105528,-0.930729,-0.318291,0.180099
1685020977,850834506,14.4289,37.5124,-187.157,-0.168216,-0.0702896,-0.983242,0.326037,-0.945283,0.0117964,-0.930271,-0.318589,0.18193
1685020977,875844545,14.4439,37.5406,-187.334,-0.169032,-0.0722374,-0.982959,0.326676,-0.945043,0.013275,-0.929897,-0.318866,0.183339
1685020977,900807499,14.3664,37.4868,-187.494,-0.170472,-0.0747135,-0.982526,0.327671,-0.944673,0.0149825,-0.929286,-0.319391,0.185523
1685020977,925801523,14.3734,37.5153,-187.924,-0.169524,-0.0772889,-0.982491,0.32779,-0.944584,0.0177484,-0.929417,-0.319042,0.185464
1685020977,950893301,14.3692,37.6919,-188.086,-0.171715,-0.0770311,-0.98213,0.329226,-0.944107,0.0164874,-0.928506,-0.320512,0.187477
1685020977,975823951,14.3357,37.7556,-188.298,-0.17389,-0.0782651,-0.98165,0.330227,-0.943753,0.016747,-0.927746,-0.321255,0.189955
1685020978,839752,14.255,37.6363,-188.692,-0.172922,-0.0812036,-0.981583,0.330844,-0.943478,0.0197673,-0.927708,-0.321333,0.190016
1685020978,25787310,14.2531,37.7164,-188.87,-0.174104,-0.0823124,-0.981281,0.331086,-0.94338,0.0203901,-0.9274,-0.321338,0.191499
1685020978,50761414,14.2978,37.8436,-189.064,-0.174519,-0.0838815,-0.981074,0.331292,-0.943278,0.021718,-0.927248,-0.321232,0.192409
1685020978,75753384,14.1409,37.8888,-189.241,-0.176837,-0.0851937,-0.980547,0.332937,-0.942696,0.0218612,-0.92622,-0.322594,0.195069
1685020978,100770406,14.1013,37.8718,-189.354,-0.178178,-0.0876569,-0.980087,0.333351,-0.942505,0.0236927,-0.925814,-0.322491,0.197156
1685020978,125867028,14.2182,37.7191,-189.873,-0.175196,-0.0909617,-0.980324,0.332847,-0.942566,0.0279738,-0.926565,-0.321396,0.195414
1685020978,150790793,14.1846,37.7962,-190.009,-0.178259,-0.0909408,-0.979772,0.33399,-0.942199,0.0266874,-0.925567,-0.322477,0.198328
1685020978,175734949,14.1693,37.8351,-190.196,-0.180178,-0.0925055,-0.979276,0.334138,-0.942123,0.0275172,-0.925143,-0.322254,0.200662
1685020978,200772914,14.0681,37.7586,-190.581,-0.179715,-0.0957547,-0.979048,0.335017,-0.941715,0.0306071,-0.924915,-0.322497,0.201321
